time,.header.seq,.header.stamp.secs,.header.stamp.nsecs,.header.frame_id,.fix_type,.lat,.lon,.alt,.eph,.epv,.vel,.cog,.satellites_visible,.alt_ellipsoid,.h_acc,.v_acc,.vel_acc,.hdg_acc,.yaw,.dgps_numch,.dgps_age
2025/07/05/17:49:30.951321,10278,1751712570,787147008,/wgs84,3,-72871463,1127959351,21100,57,89,27,17707,21,38429,1323,2024,379,0,0,255,4294967295
2025/07/05/17:49:31.051637,10279,1751712570,987147008,/wgs84,3,-72871469,1127959354,21040,57,89,25,17707,21,38369,1325,2027,428,0,0,255,4294967295
2025/07/05/17:49:31.151174,10280,1751712570,987147008,/wgs84,3,-72871469,1127959354,21040,57,89,25,17707,21,38369,1325,2027,428,0,0,255,4294967295
2025/07/05/17:49:31.250918,10281,1751712571,187147008,/wgs84,3,-72871471,1127959355,21060,57,89,17,17707,21,38389,1328,2027,244,0,0,255,4294967295
2025/07/05/17:49:31.351054,10282,1751712571,187147008,/wgs84,3,-72871471,1127959355,21060,57,89,17,17707,21,38389,1328,2027,244,0,0,255,4294967295
2025/07/05/17:49:31.531724,10283,1751712571,387147008,/wgs84,3,-72871473,1127959356,21070,57,89,21,17707,21,38399,1328,2026,326,0,0,255,4294967295
2025/07/05/17:49:31.612003,10284,1751712571,587147008,/wgs84,3,-72871477,1127959357,20990,57,89,26,17707,21,38319,1328,2025,446,0,0,255,4294967295
2025/07/05/17:49:31.692938,10285,1751712571,587147008,/wgs84,3,-72871477,1127959357,20990,57,89,26,17707,21,38319,1328,2025,446,0,0,255,4294967295
2025/07/05/17:49:31.792958,10286,1751712571,787147008,/wgs84,3,-72871484,1127959360,20860,57,89,25,17707,21,38189,1325,2022,413,0,0,255,4294967295
2025/07/05/17:49:31.871550,10287,1751712571,787147008,/wgs84,3,-72871484,1127959360,20860,57,89,25,17707,21,38189,1325,2022,413,0,0,255,4294967295
2025/07/05/17:49:31.993050,10288,1751712571,787147008,/wgs84,3,-72871484,1127959360,20860,57,89,25,17707,21,38189,1325,2022,413,0,0,255,4294967295
2025/07/05/17:49:32.071635,10289,1751712571,987147008,/wgs84,3,-72871490,1127959365,20790,57,89,27,17707,21,38119,1317,2016,307,0,0,255,4294967295
2025/07/05/17:49:32.171680,10290,1751712571,987147008,/wgs84,3,-72871490,1127959365,20790,57,89,27,17707,21,38119,1317,2016,307,0,0,255,4294967295
2025/07/05/17:49:32.291889,10291,1751712572,187147008,/wgs84,3,-72871496,1127959368,20730,57,89,30,17707,21,38059,1309,2011,331,0,0,255,4294967295
2025/07/05/17:49:32.413028,10292,1751712572,387147008,/wgs84,3,-72871500,1127959371,20690,57,89,31,17707,21,38018,1306,2012,402,0,0,255,4294967295
2025/07/05/17:49:32.531309,10293,1751712572,387147008,/wgs84,3,-72871500,1127959371,20690,57,89,31,17707,21,38018,1306,2012,402,0,0,255,4294967295
2025/07/05/17:49:32.652927,10294,1751712572,587147008,/wgs84,3,-72871503,1127959373,20670,57,89,20,17707,21,37999,1304,2011,343,0,0,255,4294967295
2025/07/05/17:49:32.751395,10295,1751712572,587147008,/wgs84,3,-72871503,1127959373,20670,57,89,20,17707,21,37999,1304,2011,343,0,0,255,4294967295
2025/07/05/17:49:32.853828,10296,1751712572,787147008,/wgs84,3,-72871507,1127959375,20640,57,89,33,17707,21,37969,1302,2010,432,0,0,255,4294967295
2025/07/05/17:49:32.953057,10297,1751712572,787147008,/wgs84,3,-72871507,1127959375,20640,57,89,33,17707,21,37969,1302,2010,432,0,0,255,4294967295
2025/07/05/17:49:33.053440,10298,1751712572,987147008,/wgs84,3,-72871509,1127959377,20660,56,87,24,17707,22,37988,1302,2009,417,0,0,255,4294967295
2025/07/05/17:49:33.151759,10299,1751712572,987147008,/wgs84,3,-72871509,1127959377,20660,56,87,24,17707,22,37988,1302,2009,417,0,0,255,4294967295
2025/07/05/17:49:33.251396,10300,1751712573,187147008,/wgs84,3,-72871511,1127959381,20640,56,87,19,17707,22,37969,1303,2008,399,0,0,255,4294967295
2025/07/05/17:49:33.351193,10301,1751712573,187147008,/wgs84,3,-72871511,1127959381,20640,56,87,19,17707,22,37969,1303,2008,399,0,0,255,4294967295
2025/07/05/17:49:33.531774,10302,1751712573,387147008,/wgs84,3,-72871513,1127959383,20660,56,87,19,17707,22,37989,1304,2007,336,0,0,255,4294967295
2025/07/05/17:49:33.615119,10303,1751712573,587147008,/wgs84,3,-72871517,1127959386,20640,56,87,35,17707,22,37969,1305,2007,423,0,0,255,4294967295
2025/07/05/17:49:33.692299,10304,1751712573,587147008,/wgs84,3,-72871517,1127959386,20640,56,87,35,17707,22,37969,1305,2007,423,0,0,255,4294967295
2025/07/05/17:49:33.792408,10305,1751712573,587147008,/wgs84,3,-72871517,1127959386,20640,56,87,35,17707,22,37969,1305,2007,423,0,0,255,4294967295
2025/07/05/17:49:33.892141,10306,1751712573,787147008,/wgs84,3,-72871523,1127959391,20620,56,87,51,15728,22,37949,1307,2008,467,0,0,255,4294967295
2025/07/05/17:49:33.971402,10307,1751712573,787147008,/wgs84,3,-72871523,1127959391,20620,56,87,51,15728,22,37949,1307,2008,467,0,0,255,4294967295
2025/07/05/17:49:34.072348,10308,1751712573,987147008,/wgs84,3,-72871531,1127959395,20550,57,89,38,15728,21,37879,1306,2008,307,0,0,255,4294967295
2025/07/05/17:49:34.192771,10309,1751712573,987147008,/wgs84,3,-72871531,1127959395,20550,57,89,38,15728,21,37879,1306,2008,307,0,0,255,4294967295
2025/07/05/17:49:34.271030,10310,1751712574,187147008,/wgs84,3,-72871538,1127959397,20550,57,89,58,15372,21,37879,1300,1992,334,0,0,255,4294967295
2025/07/05/17:49:34.392424,10311,1751712574,187147008,/wgs84,3,-72871538,1127959397,20550,57,89,58,15372,21,37879,1300,1992,334,0,0,255,4294967295
2025/07/05/17:49:34.572272,10312,1751712574,387147008,/wgs84,3,-72871545,1127959403,20590,56,87,58,14491,22,37919,1295,1980,399,0,0,255,4294967295
2025/07/05/17:49:34.671901,10313,1751712574,587147008,/wgs84,3,-72871550,1127959407,20690,56,87,58,14328,22,38019,1290,1968,346,0,0,255,4294967295
2025/07/05/17:49:34.772270,10314,1751712574,587147008,/wgs84,3,-72871550,1127959407,20690,56,87,58,14328,22,38019,1290,1968,346,0,0,255,4294967295
2025/07/05/17:49:34.872225,10315,1751712574,787147008,/wgs84,3,-72871561,1127959413,20670,56,87,69,15029,22,37999,1281,1956,298,0,0,255,4294967295
2025/07/05/17:49:34.992215,10316,1751712574,787147008,/wgs84,3,-72871561,1127959413,20670,56,87,69,15029,22,37999,1281,1956,298,0,0,255,4294967295
2025/07/05/17:49:35.071736,10317,1751712574,987147008,/wgs84,3,-72871571,1127959420,20670,56,87,54,14402,22,37999,1275,1944,371,0,0,255,4294967295
2025/07/05/17:49:35.171490,10318,1751712574,987147008,/wgs84,3,-72871571,1127959420,20670,56,87,54,14402,22,37999,1275,1944,371,0,0,255,4294967295
2025/07/05/17:49:35.271807,10319,1751712575,187147008,/wgs84,3,-72871581,1127959429,20690,57,89,79,13855,21,38019,1269,1930,330,0,0,255,4294967295
2025/07/05/17:49:35.351136,10320,1751712575,187147008,/wgs84,3,-72871581,1127959429,20690,57,89,79,13855,21,38019,1269,1930,330,0,0,255,4294967295
2025/07/05/17:49:35.512122,10321,1751712575,387147008,/wgs84,3,-72871592,1127959439,20660,59,92,76,13306,20,37989,1261,1923,319,0,0,255,4294967295
2025/07/05/17:49:35.611995,10322,1751712575,587147008,/wgs84,3,-72871601,1127959454,20610,58,90,78,12693,21,37939,1254,1922,321,0,0,255,4294967295
2025/07/05/17:49:35.692127,10323,1751712575,587147008,/wgs84,3,-72871601,1127959454,20610,58,90,78,12693,21,37939,1254,1922,321,0,0,255,4294967295
2025/07/05/17:49:35.770979,10324,1751712575,587147008,/wgs84,3,-72871601,1127959454,20610,58,90,78,12693,21,37939,1254,1922,321,0,0,255,4294967295
2025/07/05/17:49:35.871840,10325,1751712575,787147008,/wgs84,3,-72871612,1127959465,20570,56,87,81,12994,22,37898,1246,1916,305,0,0,255,4294967295
2025/07/05/17:49:35.992286,10326,1751712575,787147008,/wgs84,3,-72871612,1127959465,20570,56,87,81,12994,22,37898,1246,1916,305,0,0,255,4294967295
2025/07/05/17:49:36.071536,10327,1751712575,987147008,/wgs84,3,-72871621,1127959477,20590,56,87,79,12558,22,37919,1239,1909,354,0,0,255,4294967295
2025/07/05/17:49:36.171522,10328,1751712575,987147008,/wgs84,3,-72871621,1127959477,20590,56,87,79,12558,22,37919,1239,1909,354,0,0,255,4294967295
2025/07/05/17:49:36.251931,10329,1751712576,187147008,/wgs84,3,-72871630,1127959489,20570,58,90,90,12798,21,37899,1235,1904,387,0,0,255,4294967295
2025/07/05/17:49:36.351155,10330,1751712576,187147008,/wgs84,3,-72871630,1127959489,20570,58,90,90,12798,21,37899,1235,1904,387,0,0,255,4294967295
2025/07/05/17:49:36.551974,10331,1751712576,387147008,/wgs84,3,-72871640,1127959498,20630,58,90,73,13373,21,37958,1232,1894,325,0,0,255,4294967295
2025/07/05/17:49:36.650811,10332,1751712576,587147008,/wgs84,3,-72871653,1127959506,20620,56,87,96,13652,22,37949,1231,1888,383,0,0,255,4294967295
2025/07/05/17:49:36.730879,10333,1751712576,587147008,/wgs84,3,-72871653,1127959506,20620,56,87,96,13652,22,37949,1231,1888,383,0,0,255,4294967295
2025/07/05/17:49:36.833702,10334,1751712576,787147008,/wgs84,3,-72871666,1127959517,20580,56,87,103,12851,22,37909,1228,1878,387,0,0,255,4294967295
2025/07/05/17:49:36.912130,10335,1751712576,787147008,/wgs84,3,-72871666,1127959517,20580,56,87,103,12851,22,37909,1228,1878,387,0,0,255,4294967295
2025/07/05/17:49:37.033952,10336,1751712576,987147008,/wgs84,3,-72871675,1127959528,20590,56,87,98,12678,22,37919,1220,1867,318,0,0,255,4294967295
2025/07/05/17:49:37.131081,10337,1751712576,987147008,/wgs84,3,-72871675,1127959528,20590,56,87,98,12678,22,37919,1220,1867,318,0,0,255,4294967295
2025/07/05/17:49:37.233570,10338,1751712577,187147008,/wgs84,3,-72871683,1127959538,20650,61,102,89,12838,20,37979,1216,1859,349,0,0,255,4294967295
2025/07/05/17:49:37.311850,10339,1751712577,187147008,/wgs84,3,-72871683,1127959538,20650,61,102,89,12838,20,37979,1216,1859,349,0,0,255,4294967295
2025/07/05/17:49:37.451216,10340,1751712577,387147008,/wgs84,3,-72871692,1127959547,20710,61,102,89,12974,20,38038,1212,1849,340,0,0,255,4294967295
2025/07/05/17:49:37.571128,10341,1751712577,387147008,/wgs84,3,-72871692,1127959547,20710,61,102,89,12974,20,38038,1212,1849,340,0,0,255,4294967295
2025/07/05/17:49:37.671656,10342,1751712577,587147008,/wgs84,3,-72871703,1127959558,20670,61,102,86,12320,20,37999,1206,1836,345,0,0,255,4294967295
2025/07/05/17:49:37.751321,10343,1751712577,587147008,/wgs84,3,-72871703,1127959558,20670,61,102,86,12320,20,37999,1206,1836,345,0,0,255,4294967295
2025/07/05/17:49:37.851043,10344,1751712577,787147008,/wgs84,3,-72871712,1127959569,20600,59,92,98,12223,20,37929,1199,1825,305,0,0,255,4294967295
2025/07/05/17:49:37.971223,10345,1751712577,787147008,/wgs84,3,-72871712,1127959569,20600,59,92,98,12223,20,37929,1199,1825,305,0,0,255,4294967295
2025/07/05/17:49:38.050781,10346,1751712577,987147008,/wgs84,3,-72871721,1127959584,20560,61,102,92,11726,20,37889,1187,1813,287,0,0,255,4294967295
2025/07/05/17:49:38.151057,10347,1751712577,987147008,/wgs84,3,-72871721,1127959584,20560,61,102,92,11726,20,37889,1187,1813,287,0,0,255,4294967295
2025/07/05/17:49:38.251616,10348,1751712578,187147008,/wgs84,3,-72871728,1127959597,20540,64,109,80,11621,19,37869,1181,1803,333,0,0,255,4294967295
2025/07/05/17:49:38.351129,10349,1751712578,187147008,/wgs84,3,-72871728,1127959597,20540,64,109,80,11621,19,37869,1181,1803,333,0,0,255,4294967295
2025/07/05/17:49:38.530851,10350,1751712578,387147008,/wgs84,3,-72871732,1127959611,20550,64,109,97,10677,19,37879,1178,1794,351,0,0,255,4294967295
2025/07/05/17:49:38.630770,10351,1751712578,587147008,/wgs84,3,-72871734,1127959625,20660,61,102,99,11208,20,37989,1173,1784,312,0,0,255,4294967295
2025/07/05/17:49:38.711904,10352,1751712578,587147008,/wgs84,3,-72871734,1127959625,20660,61,102,99,11208,20,37989,1173,1784,312,0,0,255,4294967295
2025/07/05/17:49:38.814420,10353,1751712578,787147008,/wgs84,3,-72871743,1127959642,20700,61,102,114,11509,20,38028,1171,1774,399,0,0,255,4294967295
2025/07/05/17:49:38.892240,10354,1751712578,787147008,/wgs84,3,-72871743,1127959642,20700,61,102,114,11509,20,38028,1171,1774,399,0,0,255,4294967295
2025/07/05/17:49:39.011457,10355,1751712578,987147008,/wgs84,3,-72871750,1127959656,20760,61,102,84,11560,20,38089,1169,1765,357,0,0,255,4294967295
2025/07/05/17:49:39.092258,10356,1751712578,987147008,/wgs84,3,-72871750,1127959656,20760,61,102,84,11560,20,38089,1169,1765,357,0,0,255,4294967295
2025/07/05/17:49:39.192680,10357,1751712578,987147008,/wgs84,3,-72871750,1127959656,20760,61,102,84,11560,20,38089,1169,1765,357,0,0,255,4294967295
2025/07/05/17:49:39.291909,10358,1751712579,187147008,/wgs84,3,-72871758,1127959667,20810,61,102,83,11799,20,38139,1166,1754,373,0,0,255,4294967295
2025/07/05/17:49:39.433955,10359,1751712579,387147008,/wgs84,3,-72871766,1127959682,20860,61,102,119,12009,20,38189,1165,1748,400,0,0,255,4294967295
2025/07/05/17:49:39.551497,10360,1751712579,387147008,/wgs84,3,-72871766,1127959682,20860,61,102,119,12009,20,38189,1165,1748,400,0,0,255,4294967295
2025/07/05/17:49:39.651933,10361,1751712579,587147008,/wgs84,3,-72871778,1127959699,20850,60,99,117,12026,21,38179,1166,1746,400,0,0,255,4294967295
2025/07/05/17:49:39.751526,10362,1751712579,587147008,/wgs84,3,-72871778,1127959699,20850,60,99,117,12026,21,38179,1166,1746,400,0,0,255,4294967295
2025/07/05/17:49:39.851321,10363,1751712579,787147008,/wgs84,3,-72871787,1127959714,20920,60,99,101,12263,21,38249,1167,1744,435,0,0,255,4294967295
2025/07/05/17:49:39.951445,10364,1751712579,787147008,/wgs84,3,-72871787,1127959714,20920,60,99,101,12263,21,38249,1167,1744,435,0,0,255,4294967295
2025/07/05/17:49:40.053797,10365,1751712579,987147008,/wgs84,3,-72871796,1127959729,21000,60,99,108,12093,21,38329,1170,1745,421,0,0,255,4294967295
2025/07/05/17:49:40.152936,10366,1751712579,987147008,/wgs84,3,-72871796,1127959729,21000,60,99,108,12093,21,38329,1170,1745,421,0,0,255,4294967295
2025/07/05/17:49:40.252855,10367,1751712580,187147008,/wgs84,3,-72871804,1127959745,21080,60,99,99,12035,21,38409,1172,1746,422,0,0,255,4294967295
2025/07/05/17:49:40.392822,10368,1751712580,187147008,/wgs84,3,-72871804,1127959745,21080,60,99,99,12035,21,38409,1172,1746,422,0,0,255,4294967295
2025/07/05/17:49:40.530758,10369,1751712580,387147008,/wgs84,3,-72871807,1127959760,21180,60,99,104,11003,21,38509,1174,1745,413,0,0,255,4294967295
2025/07/05/17:49:40.611449,10370,1751712580,587147008,/wgs84,3,-72871811,1127959778,21300,60,99,117,11369,21,38629,1178,1746,448,0,0,255,4294967295
2025/07/05/17:49:40.693061,10371,1751712580,587147008,/wgs84,3,-72871811,1127959778,21300,60,99,117,11369,21,38629,1178,1746,448,0,0,255,4294967295
2025/07/05/17:49:40.792538,10372,1751712580,587147008,/wgs84,3,-72871811,1127959778,21300,60,99,117,11369,21,38629,1178,1746,448,0,0,255,4294967295
2025/07/05/17:49:40.931245,10373,1751712580,787147008,/wgs84,3,-72871819,1127959795,21340,60,99,102,11659,21,38669,1181,1748,473,0,0,255,4294967295
2025/07/05/17:49:41.033578,10374,1751712580,987147008,/wgs84,3,-72871825,1127959810,21490,60,99,97,11563,21,38819,1184,1751,433,0,0,255,4294967295
2025/07/05/17:49:41.111682,10375,1751712580,987147008,/wgs84,3,-72871825,1127959810,21490,60,99,97,11563,21,38819,1184,1751,433,0,0,255,4294967295
2025/07/05/17:49:41.192259,10376,1751712580,987147008,/wgs84,3,-72871825,1127959810,21490,60,99,97,11563,21,38819,1184,1751,433,0,0,255,4294967295
2025/07/05/17:49:41.272698,10377,1751712581,187147008,/wgs84,3,-72871831,1127959825,21500,60,99,105,11048,21,38829,1186,1751,444,0,0,255,4294967295
2025/07/05/17:49:41.353653,10378,1751712581,187147008,/wgs84,3,-72871831,1127959825,21500,60,99,105,11048,21,38829,1186,1751,444,0,0,255,4294967295
2025/07/05/17:49:41.512090,10379,1751712581,387147008,/wgs84,3,-72871837,1127959843,21520,60,99,120,11155,21,38849,1186,1752,409,0,0,255,4294967295
2025/07/05/17:49:41.612407,10380,1751712581,587147008,/wgs84,3,-72871845,1127959861,21510,60,99,107,11115,21,38839,1187,1753,429,0,0,255,4294967295
2025/07/05/17:49:41.692131,10381,1751712581,587147008,/wgs84,3,-72871845,1127959861,21510,60,99,107,11115,21,38839,1187,1753,429,0,0,255,4294967295
2025/07/05/17:49:41.792184,10382,1751712581,587147008,/wgs84,3,-72871845,1127959861,21510,60,99,107,11115,21,38839,1187,1753,429,0,0,255,4294967295
2025/07/05/17:49:41.891798,10383,1751712581,787147008,/wgs84,3,-72871849,1127959879,21470,60,99,107,10323,21,38799,1188,1753,420,0,0,255,4294967295
2025/07/05/17:49:42.013154,10384,1751712581,987147008,/wgs84,3,-72871849,1127959898,21510,60,99,111,9851,21,38839,1190,1753,441,0,0,255,4294967295
2025/07/05/17:49:42.111830,10385,1751712581,987147008,/wgs84,3,-72871849,1127959898,21510,60,99,111,9851,21,38839,1190,1753,441,0,0,255,4294967295
2025/07/05/17:49:42.191753,10386,1751712581,987147008,/wgs84,3,-72871849,1127959898,21510,60,99,111,9851,21,38839,1190,1753,441,0,0,255,4294967295
2025/07/05/17:49:42.271783,10387,1751712582,187147008,/wgs84,3,-72871849,1127959915,21470,60,99,92,9463,21,38799,1192,1755,422,0,0,255,4294967295
2025/07/05/17:49:42.371683,10388,1751712582,187147008,/wgs84,3,-72871849,1127959915,21470,60,99,92,9463,21,38799,1192,1755,422,0,0,255,4294967295
2025/07/05/17:49:42.571264,10389,1751712582,387147008,/wgs84,3,-72871847,1127959931,21440,60,99,99,8894,21,38769,1194,1752,407,0,0,255,4294967295
2025/07/05/17:49:42.671491,10390,1751712582,587147008,/wgs84,3,-72871846,1127959947,21410,60,99,98,9223,21,38739,1195,1750,437,0,0,255,4294967295
2025/07/05/17:49:42.791252,10391,1751712582,587147008,/wgs84,3,-72871846,1127959947,21410,60,99,98,9223,21,38739,1195,1750,437,0,0,255,4294967295
2025/07/05/17:49:42.891801,10392,1751712582,787147008,/wgs84,3,-72871848,1127959962,21390,56,87,81,9414,22,38719,1197,1752,435,0,0,255,4294967295
2025/07/05/17:49:43.011960,10393,1751712582,987147008,/wgs84,3,-72871849,1127959979,21420,58,90,107,9308,21,38749,1196,1749,420,0,0,255,4294967295
2025/07/05/17:49:43.092289,10394,1751712582,987147008,/wgs84,3,-72871849,1127959979,21420,58,90,107,9308,21,38749,1196,1749,420,0,0,255,4294967295
2025/07/05/17:49:43.192183,10395,1751712582,987147008,/wgs84,3,-72871849,1127959979,21420,58,90,107,9308,21,38749,1196,1749,420,0,0,255,4294967295
2025/07/05/17:49:43.292390,10396,1751712583,187147008,/wgs84,3,-72871848,1127959997,21390,56,87,102,8995,22,38719,1196,1747,397,0,0,255,4294967295
2025/07/05/17:49:43.391958,10397,1751712583,187147008,/wgs84,3,-72871848,1127959997,21390,56,87,102,8995,22,38719,1196,1747,397,0,0,255,4294967295
2025/07/05/17:49:43.571543,10398,1751712583,387147008,/wgs84,3,-72871847,1127960015,21400,56,87,108,8760,22,38729,1197,1746,409,0,0,255,4294967295
2025/07/05/17:49:43.672521,10399,1751712583,587147008,/wgs84,3,-72871846,1127960032,21360,56,87,99,8747,22,38689,1198,1745,409,0,0,255,4294967295
2025/07/05/17:49:43.791611,10400,1751712583,587147008,/wgs84,3,-72871846,1127960032,21360,56,87,99,8747,22,38689,1198,1745,409,0,0,255,4294967295
2025/07/05/17:49:43.911990,10401,1751712583,787147008,/wgs84,3,-72871847,1127960048,21300,56,87,96,8981,22,38629,1198,1747,409,0,0,255,4294967295
2025/07/05/17:49:43.992869,10402,1751712583,987147008,/wgs84,3,-72871850,1127960066,21320,56,87,116,9761,22,38649,1198,1750,422,0,0,255,4294967295
2025/07/05/17:49:44.072159,10403,1751712583,987147008,/wgs84,3,-72871850,1127960066,21320,56,87,116,9761,22,38649,1198,1750,422,0,0,255,4294967295
2025/07/05/17:49:44.172288,10404,1751712583,987147008,/wgs84,3,-72871850,1127960066,21320,56,87,116,9761,22,38649,1198,1750,422,0,0,255,4294967295
2025/07/05/17:49:44.272147,10405,1751712584,187147008,/wgs84,3,-72871854,1127960085,21280,58,90,110,9845,21,38609,1198,1751,428,0,0,255,4294967295
2025/07/05/17:49:44.351671,10406,1751712584,187147008,/wgs84,3,-72871854,1127960085,21280,58,90,110,9845,21,38609,1198,1751,428,0,0,255,4294967295
2025/07/05/17:49:44.512133,10407,1751712584,387147008,/wgs84,3,-72871856,1127960104,21280,56,87,109,9490,22,38609,1197,1749,394,0,0,255,4294967295
2025/07/05/17:49:44.612285,10408,1751712584,587147008,/wgs84,3,-72871855,1127960123,21290,56,87,99,9129,22,38619,1195,1747,372,0,0,255,4294967295
2025/07/05/17:49:44.691492,10409,1751712584,587147008,/wgs84,3,-72871855,1127960123,21290,56,87,99,9129,22,38619,1195,1747,372,0,0,255,4294967295
2025/07/05/17:49:44.792389,10410,1751712584,587147008,/wgs84,3,-72871855,1127960123,21290,56,87,99,9129,22,38619,1195,1747,372,0,0,255,4294967295
2025/07/05/17:49:44.876941,10411,1751712584,787147008,/wgs84,3,-72871854,1127960141,21310,56,87,97,8973,22,38639,1196,1751,414,0,0,255,4294967295
2025/07/05/17:49:44.992461,10412,1751712584,787147008,/wgs84,3,-72871854,1127960141,21310,56,87,97,8973,22,38639,1196,1751,414,0,0,255,4294967295
2025/07/05/17:49:45.071350,10413,1751712584,987147008,/wgs84,3,-72871856,1127960161,21300,58,90,125,9762,21,38630,1196,1752,434,0,0,255,4294967295
2025/07/05/17:49:45.191733,10414,1751712584,987147008,/wgs84,3,-72871856,1127960161,21300,58,90,125,9762,21,38630,1196,1752,434,0,0,255,4294967295
2025/07/05/17:49:45.271686,10415,1751712585,187147008,/wgs84,3,-72871858,1127960180,21250,56,87,114,9494,22,38579,1196,1754,390,0,0,255,4294967295
2025/07/05/17:49:45.371610,10416,1751712585,187147008,/wgs84,3,-72871858,1127960180,21250,56,87,114,9494,22,38579,1196,1754,390,0,0,255,4294967295
2025/07/05/17:49:45.552103,10417,1751712585,387147008,/wgs84,3,-72871862,1127960200,21210,58,90,109,9853,21,38539,1195,1757,433,0,0,255,4294967295
2025/07/05/17:49:45.651551,10418,1751712585,587147008,/wgs84,3,-72871863,1127960219,21170,62,104,100,9566,20,38499,1196,1759,424,0,0,255,4294967295
2025/07/05/17:49:45.751352,10419,1751712585,587147008,/wgs84,3,-72871863,1127960219,21170,62,104,100,9566,20,38499,1196,1759,424,0,0,255,4294967295
2025/07/05/17:49:45.853013,10420,1751712585,787147008,/wgs84,3,-72871861,1127960237,21120,62,104,106,8796,20,38449,1199,1760,428,0,0,255,4294967295
2025/07/05/17:49:45.950872,10421,1751712585,787147008,/wgs84,3,-72871861,1127960237,21120,62,104,106,8796,20,38449,1199,1760,428,0,0,255,4294967295
2025/07/05/17:49:46.052545,10422,1751712585,987147008,/wgs84,3,-72871859,1127960254,21090,60,99,103,8907,21,38419,1200,1759,416,0,0,255,4294967295
2025/07/05/17:49:46.151075,10423,1751712585,987147008,/wgs84,3,-72871859,1127960254,21090,60,99,103,8907,21,38419,1200,1759,416,0,0,255,4294967295
2025/07/05/17:49:46.252732,10424,1751712586,187147008,/wgs84,3,-72871859,1127960273,21040,62,104,109,9058,20,38369,1199,1759,407,0,0,255,4294967295
2025/07/05/17:49:46.392123,10425,1751712586,187147008,/wgs84,3,-72871859,1127960273,21040,62,104,109,9058,20,38369,1199,1759,407,0,0,255,4294967295
2025/07/05/17:49:46.531160,10426,1751712586,387147008,/wgs84,3,-72871861,1127960293,21020,60,99,121,9467,21,38349,1198,1759,392,0,0,255,4294967295
2025/07/05/17:49:46.630512,10427,1751712586,587147008,/wgs84,3,-72871864,1127960312,20990,60,99,108,9888,21,38319,1197,1757,397,0,0,255,4294967295
2025/07/05/17:49:46.731386,10428,1751712586,587147008,/wgs84,3,-72871864,1127960312,20990,60,99,108,9888,21,38319,1197,1757,397,0,0,255,4294967295
2025/07/05/17:49:46.812608,10429,1751712586,787147008,/wgs84,3,-72871866,1127960330,21160,60,99,111,9921,21,38489,1193,1749,341,0,0,255,4294967295
2025/07/05/17:49:46.912511,10430,1751712586,787147008,/wgs84,3,-72871866,1127960330,21160,60,99,111,9921,21,38489,1193,1749,341,0,0,255,4294967295
2025/07/05/17:49:47.012435,10431,1751712586,987147008,/wgs84,3,-72871869,1127960349,21170,60,99,98,9934,21,38499,1191,1749,392,0,0,255,4294967295
2025/07/05/17:49:47.091983,10432,1751712586,987147008,/wgs84,3,-72871869,1127960349,21170,60,99,98,9934,21,38499,1191,1749,392,0,0,255,4294967295
2025/07/05/17:49:47.191842,10433,1751712586,987147008,/wgs84,3,-72871869,1127960349,21170,60,99,98,9934,21,38499,1191,1749,392,0,0,255,4294967295
2025/07/05/17:49:47.272152,10434,1751712587,187147008,/wgs84,3,-72871870,1127960368,21180,60,99,113,9467,21,38509,1192,1751,418,0,0,255,4294967295
2025/07/05/17:49:47.412758,10435,1751712587,387147008,/wgs84,3,-72871869,1127960389,21180,60,99,131,9094,21,38509,1192,1752,377,0,0,255,4294967295
2025/07/05/17:49:47.591699,10436,1751712587,387147008,/wgs84,3,-72871869,1127960389,21180,60,99,131,9094,21,38509,1192,1752,377,0,0,255,4294967295
2025/07/05/17:49:47.670483,10437,1751712587,587147008,/wgs84,3,-72871869,1127960410,21150,60,99,113,9235,21,38479,1192,1757,386,0,0,255,4294967295
2025/07/05/17:49:47.770472,10438,1751712587,587147008,/wgs84,3,-72871869,1127960410,21150,60,99,113,9235,21,38479,1192,1757,386,0,0,255,4294967295
2025/07/05/17:49:47.871396,10439,1751712587,787147008,/wgs84,3,-72871870,1127960431,21190,60,99,119,9267,21,38519,1192,1760,376,0,0,255,4294967295
2025/07/05/17:49:47.992042,10440,1751712587,787147008,/wgs84,3,-72871870,1127960431,21190,60,99,119,9267,21,38519,1192,1760,376,0,0,255,4294967295
2025/07/05/17:49:48.091938,10441,1751712587,987147008,/wgs84,3,-72871871,1127960452,21180,60,99,115,9150,21,38510,1191,1763,365,0,0,255,4294967295
2025/07/05/17:49:48.191873,10442,1751712587,987147008,/wgs84,3,-72871871,1127960452,21180,60,99,115,9150,21,38510,1191,1763,365,0,0,255,4294967295
2025/07/05/17:49:48.271518,10443,1751712588,187147008,/wgs84,3,-72871873,1127960473,21210,62,104,117,9731,20,38539,1191,1767,381,0,0,255,4294967295
2025/07/05/17:49:48.371545,10444,1751712588,187147008,/wgs84,3,-72871873,1127960473,21210,62,104,117,9731,20,38539,1191,1767,381,0,0,255,4294967295
2025/07/05/17:49:48.553186,10445,1751712588,387147008,/wgs84,3,-72871877,1127960495,21190,62,104,126,9687,20,38519,1190,1771,380,0,0,255,4294967295
2025/07/05/17:49:48.651997,10446,1751712588,587147008,/wgs84,3,-72871881,1127960517,21190,62,104,129,10029,20,38519,1189,1770,372,0,0,255,4294967295
2025/07/05/17:49:48.751380,10447,1751712588,587147008,/wgs84,3,-72871881,1127960517,21190,62,104,129,10029,20,38519,1189,1770,372,0,0,255,4294967295
2025/07/05/17:49:48.852567,10448,1751712588,787147008,/wgs84,3,-72871889,1127960540,21130,58,90,139,10608,21,38459,1187,1775,369,0,0,255,4294967295
2025/07/05/17:49:48.950979,10449,1751712588,787147008,/wgs84,3,-72871889,1127960540,21130,58,90,139,10608,21,38459,1187,1775,369,0,0,255,4294967295
2025/07/05/17:49:49.052622,10450,1751712588,987147008,/wgs84,3,-72871895,1127960564,21150,60,99,129,10400,21,38479,1185,1779,350,0,0,255,4294967295
2025/07/05/17:49:49.150706,10451,1751712588,987147008,/wgs84,3,-72871895,1127960564,21150,60,99,129,10400,21,38479,1185,1779,350,0,0,255,4294967295
2025/07/05/17:49:49.252693,10452,1751712589,187147008,/wgs84,3,-72871901,1127960586,21180,60,99,132,10542,21,38510,1182,1781,356,0,0,255,4294967295
2025/07/05/17:49:49.351079,10453,1751712589,187147008,/wgs84,3,-72871901,1127960586,21180,60,99,132,10542,21,38510,1182,1781,356,0,0,255,4294967295
2025/07/05/17:49:49.530568,10454,1751712589,387147008,/wgs84,3,-72871907,1127960609,21140,58,90,132,10422,21,38469,1181,1784,384,0,0,255,4294967295
2025/07/05/17:49:49.633511,10455,1751712589,587147008,/wgs84,3,-72871910,1127960633,21110,62,104,132,9752,20,38439,1179,1785,341,0,0,255,4294967295
2025/07/05/17:49:49.713429,10456,1751712589,587147008,/wgs84,3,-72871910,1127960633,21110,62,104,132,9752,20,38439,1179,1785,341,0,0,255,4294967295
2025/07/05/17:49:49.812731,10457,1751712589,787147008,/wgs84,3,-72871908,1127960656,21130,60,99,132,9057,21,38459,1176,1784,316,0,0,255,4294967295
2025/07/05/17:49:49.912038,10458,1751712589,787147008,/wgs84,3,-72871908,1127960656,21130,60,99,132,9057,21,38459,1176,1784,316,0,0,255,4294967295
2025/07/05/17:49:50.012282,10459,1751712589,987147008,/wgs84,3,-72871906,1127960679,21070,60,99,132,8900,21,38399,1176,1786,384,0,0,255,4294967295
2025/07/05/17:49:50.091298,10460,1751712589,987147008,/wgs84,3,-72871906,1127960679,21070,60,99,132,8900,21,38399,1176,1786,384,0,0,255,4294967295
2025/07/05/17:49:50.192045,10461,1751712589,987147008,/wgs84,3,-72871906,1127960679,21070,60,99,132,8900,21,38399,1176,1786,384,0,0,255,4294967295
2025/07/05/17:49:50.272848,10462,1751712590,187147008,/wgs84,3,-72871906,1127960704,21060,60,99,135,9179,21,38389,1178,1794,398,0,0,255,4294967295
2025/07/05/17:49:50.352327,10463,1751712590,187147008,/wgs84,3,-72871906,1127960704,21060,60,99,135,9179,21,38389,1178,1794,398,0,0,255,4294967295
2025/07/05/17:49:50.511561,10464,1751712590,387147008,/wgs84,3,-72871909,1127960730,21080,60,99,150,9647,21,38409,1178,1796,372,0,0,255,4294967295
2025/07/05/17:49:50.612187,10465,1751712590,587147008,/wgs84,3,-72871914,1127960756,21010,60,99,137,10020,21,38339,1175,1798,329,0,0,255,4294967295
2025/07/05/17:49:50.691455,10466,1751712590,587147008,/wgs84,3,-72871914,1127960756,21010,60,99,137,10020,21,38339,1175,1798,329,0,0,255,4294967295
2025/07/05/17:49:50.792126,10467,1751712590,587147008,/wgs84,3,-72871914,1127960756,21010,60,99,137,10020,21,38339,1175,1798,329,0,0,255,4294967295
2025/07/05/17:49:50.891450,10468,1751712590,787147008,/wgs84,3,-72871921,1127960778,21010,60,99,132,10845,21,38339,1171,1804,347,0,0,255,4294967295
2025/07/05/17:49:51.012521,10469,1751712590,987147008,/wgs84,3,-72871933,1127960799,20920,60,99,158,11154,21,38249,1169,1807,357,0,0,255,4294967295
2025/07/05/17:49:51.091506,10470,1751712590,987147008,/wgs84,3,-72871933,1127960799,20920,60,99,158,11154,21,38249,1169,1807,357,0,0,255,4294967295
2025/07/05/17:49:51.191675,10471,1751712590,987147008,/wgs84,3,-72871933,1127960799,20920,60,99,158,11154,21,38249,1169,1807,357,0,0,255,4294967295
2025/07/05/17:49:51.270714,10472,1751712591,187147008,/wgs84,3,-72871941,1127960824,20960,60,99,130,10895,21,38290,1170,1814,395,0,0,255,4294967295
2025/07/05/17:49:51.351707,10473,1751712591,187147008,/wgs84,3,-72871941,1127960824,20960,60,99,130,10895,21,38290,1170,1814,395,0,0,255,4294967295
2025/07/05/17:49:51.530615,10474,1751712591,387147008,/wgs84,3,-72871946,1127960848,20910,60,99,146,10240,21,38239,1172,1818,401,0,0,255,4294967295
2025/07/05/17:49:51.652247,10475,1751712591,587147008,/wgs84,3,-72871946,1127960875,20960,60,99,146,9671,21,38289,1174,1821,387,0,0,255,4294967295
2025/07/05/17:49:51.730296,10476,1751712591,587147008,/wgs84,3,-72871946,1127960875,20960,60,99,146,9671,21,38289,1174,1821,387,0,0,255,4294967295
2025/07/05/17:49:51.830130,10477,1751712591,787147008,/wgs84,3,-72871944,1127960899,20990,60,99,129,9233,21,38319,1173,1821,366,0,0,255,4294967295
2025/07/05/17:49:51.912821,10478,1751712591,787147008,/wgs84,3,-72871944,1127960899,20990,60,99,129,9233,21,38319,1173,1821,366,0,0,255,4294967295
2025/07/05/17:49:52.011654,10479,1751712591,987147008,/wgs84,3,-72871942,1127960924,21010,60,99,135,9086,21,38339,1174,1823,390,0,0,255,4294967295
2025/07/05/17:49:52.092056,10480,1751712591,987147008,/wgs84,3,-72871942,1127960924,21010,60,99,135,9086,21,38339,1174,1823,390,0,0,255,4294967295
2025/07/05/17:49:52.191474,10481,1751712591,987147008,/wgs84,3,-72871942,1127960924,21010,60,99,135,9086,21,38339,1174,1823,390,0,0,255,4294967295
2025/07/05/17:49:52.273041,10482,1751712592,187147008,/wgs84,3,-72871938,1127960949,21030,60,99,137,8636,21,38359,1177,1826,403,0,0,255,4294967295
2025/07/05/17:49:52.391591,10483,1751712592,187147008,/wgs84,3,-72871938,1127960949,21030,60,99,137,8636,21,38359,1177,1826,403,0,0,255,4294967295
2025/07/05/17:49:52.570463,10484,1751712592,387147008,/wgs84,3,-72871933,1127960972,21020,60,99,126,8267,21,38350,1180,1828,384,0,0,255,4294967295
2025/07/05/17:49:52.672191,10485,1751712592,587147008,/wgs84,3,-72871928,1127960996,21020,56,87,148,8061,22,38350,1183,1830,394,0,0,255,4294967295
2025/07/05/17:49:52.791850,10486,1751712592,587147008,/wgs84,3,-72871928,1127960996,21020,56,87,148,8061,22,38350,1183,1830,394,0,0,255,4294967295
2025/07/05/17:49:52.870258,10487,1751712592,787147008,/wgs84,3,-72871920,1127961020,21050,58,90,129,7748,21,38380,1186,1833,381,0,0,255,4294967295
2025/07/05/17:49:52.991894,10488,1751712592,787147008,/wgs84,3,-72871920,1127961020,21050,58,90,129,7748,21,38380,1186,1833,381,0,0,255,4294967295
2025/07/05/17:49:53.091724,10489,1751712592,987147008,/wgs84,3,-72871911,1127961043,21100,58,90,138,7347,21,38430,1190,1836,382,0,0,255,4294967295
2025/07/05/17:49:53.192024,10490,1751712592,987147008,/wgs84,3,-72871911,1127961043,21100,58,90,138,7347,21,38430,1190,1836,382,0,0,255,4294967295
2025/07/05/17:49:53.272859,10491,1751712593,187147008,/wgs84,3,-72871902,1127961064,21120,56,87,125,7104,22,38450,1194,1839,360,0,0,255,4294967295
2025/07/05/17:49:53.416013,10492,1751712593,387147008,/wgs84,3,-72871891,1127961083,21140,56,87,133,6275,22,38470,1197,1842,321,0,0,255,4294967295
2025/07/05/17:49:53.591378,10493,1751712593,387147008,/wgs84,3,-72871891,1127961083,21140,56,87,133,6275,22,38470,1197,1842,321,0,0,255,4294967295
2025/07/05/17:49:53.671717,10494,1751712593,587147008,/wgs84,3,-72871877,1127961102,21170,56,87,133,5995,22,38500,1200,1844,319,0,0,255,4294967295
2025/07/05/17:49:53.771879,10495,1751712593,587147008,/wgs84,3,-72871877,1127961102,21170,56,87,133,5995,22,38500,1200,1844,319,0,0,255,4294967295
2025/07/05/17:49:53.872226,10496,1751712593,787147008,/wgs84,3,-72871864,1127961118,21160,60,99,116,5632,21,38489,1202,1846,317,0,0,255,4294967295
2025/07/05/17:49:53.992232,10497,1751712593,987147008,/wgs84,3,-72871849,1127961133,21160,60,99,131,5142,21,38490,1202,1843,292,0,0,255,4294967295
2025/07/05/17:49:54.071301,10498,1751712593,987147008,/wgs84,3,-72871849,1127961133,21160,60,99,131,5142,21,38490,1202,1843,292,0,0,255,4294967295
2025/07/05/17:49:54.191574,10499,1751712593,987147008,/wgs84,3,-72871849,1127961133,21160,60,99,131,5142,21,38490,1202,1843,292,0,0,255,4294967295
2025/07/05/17:49:54.270839,10500,1751712594,187147008,/wgs84,3,-72871831,1127961149,21150,62,104,132,4907,20,38479,1201,1845,295,0,0,255,4294967295
2025/07/05/17:49:54.351232,10501,1751712594,187147008,/wgs84,3,-72871831,1127961149,21150,62,104,132,4907,20,38479,1201,1845,295,0,0,255,4294967295
2025/07/05/17:49:54.510734,10502,1751712594,387147008,/wgs84,3,-72871810,1127961163,21220,60,99,136,4261,21,38549,1201,1846,275,0,0,255,4294967295
2025/07/05/17:49:54.612124,10503,1751712594,587147008,/wgs84,3,-72871789,1127961176,21280,60,99,126,4090,21,38609,1202,1850,261,0,0,255,4294967295
2025/07/05/17:49:54.691473,10504,1751712594,587147008,/wgs84,3,-72871789,1127961176,21280,60,99,126,4090,21,38609,1202,1850,261,0,0,255,4294967295
2025/07/05/17:49:54.791714,10505,1751712594,587147008,/wgs84,3,-72871789,1127961176,21280,60,99,126,4090,21,38609,1202,1850,261,0,0,255,4294967295
2025/07/05/17:49:54.911529,10506,1751712594,787147008,/wgs84,3,-72871771,1127961189,21280,60,99,122,3794,21,38610,1202,1855,265,0,0,255,4294967295
2025/07/05/17:49:55.033286,10507,1751712594,987147008,/wgs84,3,-72871750,1127961200,21370,60,99,121,3384,21,38700,1202,1859,278,0,0,255,4294967295
2025/07/05/17:49:55.111178,10508,1751712594,987147008,/wgs84,3,-72871750,1127961200,21370,60,99,121,3384,21,38700,1202,1859,278,0,0,255,4294967295
2025/07/05/17:49:55.191314,10509,1751712594,987147008,/wgs84,3,-72871750,1127961200,21370,60,99,121,3384,21,38700,1202,1859,278,0,0,255,4294967295
2025/07/05/17:49:55.291744,10510,1751712595,187147008,/wgs84,3,-72871728,1127961210,21430,60,99,126,2713,21,38759,1200,1862,289,0,0,255,4294967295
2025/07/05/17:49:55.451011,10511,1751712595,387147008,/wgs84,3,-72871707,1127961218,21440,60,99,117,2397,21,38770,1197,1859,281,0,0,255,4294967295
2025/07/05/17:49:55.592291,10512,1751712595,387147008,/wgs84,3,-72871707,1127961218,21440,60,99,117,2397,21,38770,1197,1859,281,0,0,255,4294967295
2025/07/05/17:49:55.670305,10513,1751712595,587147008,/wgs84,3,-72871684,1127961222,21520,60,99,130,1896,21,38850,1197,1856,288,0,0,255,4294967295
2025/07/05/17:49:55.791835,10514,1751712595,587147008,/wgs84,3,-72871684,1127961222,21520,60,99,130,1896,21,38850,1197,1856,288,0,0,255,4294967295
2025/07/05/17:49:55.870745,10515,1751712595,787147008,/wgs84,3,-72871659,1127961227,21550,60,99,132,1650,21,38880,1200,1859,277,0,0,255,4294967295
2025/07/05/17:49:55.991808,10516,1751712595,987147008,/wgs84,3,-72871636,1127961231,21580,60,99,124,1418,21,38910,1200,1861,268,0,0,255,4294967295
2025/07/05/17:49:56.091313,10517,1751712595,987147008,/wgs84,3,-72871636,1127961231,21580,60,99,124,1418,21,38910,1200,1861,268,0,0,255,4294967295
2025/07/05/17:49:56.171508,10518,1751712595,987147008,/wgs84,3,-72871636,1127961231,21580,60,99,124,1418,21,38910,1200,1861,268,0,0,255,4294967295
2025/07/05/17:49:56.271731,10519,1751712596,187147008,/wgs84,3,-72871610,1127961232,21700,60,99,143,380,21,39029,1200,1866,350,0,0,255,4294967295
2025/07/05/17:49:56.412265,10520,1751712596,387147008,/wgs84,3,-72871584,1127961227,21810,60,99,134,35605,21,39140,1201,1870,372,0,0,255,4294967295
2025/07/05/17:49:56.530262,10521,1751712596,387147008,/wgs84,3,-72871584,1127961227,21810,60,99,134,35605,21,39140,1201,1870,372,0,0,255,4294967295
2025/07/05/17:49:56.630425,10522,1751712596,587147008,/wgs84,3,-72871558,1127961222,21900,60,99,129,35402,21,39230,1201,1870,323,0,0,255,4294967295
2025/07/05/17:49:56.712329,10523,1751712596,587147008,/wgs84,3,-72871558,1127961222,21900,60,99,129,35402,21,39230,1201,1870,323,0,0,255,4294967295
2025/07/05/17:49:56.814125,10524,1751712596,787147008,/wgs84,3,-72871532,1127961218,21980,60,99,136,35038,21,39310,1198,1867,315,0,0,255,4294967295
2025/07/05/17:49:56.891454,10525,1751712596,787147008,/wgs84,3,-72871532,1127961218,21980,60,99,136,35038,21,39310,1198,1867,315,0,0,255,4294967295
2025/07/05/17:49:57.014410,10526,1751712596,987147008,/wgs84,3,-72871508,1127961213,22060,60,99,132,34768,21,39389,1196,1869,326,0,0,255,4294967295
2025/07/05/17:49:57.091223,10527,1751712596,987147008,/wgs84,3,-72871508,1127961213,22060,60,99,132,34768,21,39389,1196,1869,326,0,0,255,4294967295
2025/07/05/17:49:57.191405,10528,1751712596,987147008,/wgs84,3,-72871508,1127961213,22060,60,99,132,34768,21,39389,1196,1869,326,0,0,255,4294967295
2025/07/05/17:49:57.311097,10529,1751712597,187147008,/wgs84,3,-72871483,1127961207,22140,60,99,127,34404,21,39470,1195,1871,333,0,0,255,4294967295
2025/07/05/17:49:57.434035,10530,1751712597,387147008,/wgs84,3,-72871462,1127961203,22130,60,99,132,34199,21,39460,1191,1870,296,0,0,255,4294967295
2025/07/05/17:49:57.591236,10531,1751712597,387147008,/wgs84,3,-72871462,1127961203,22130,60,99,132,34199,21,39460,1191,1870,296,0,0,255,4294967295
2025/07/05/17:49:57.671154,10532,1751712597,587147008,/wgs84,3,-72871439,1127961194,22170,60,99,135,33688,21,39499,1188,1873,322,0,0,255,4294967295
2025/07/05/17:49:57.791415,10533,1751712597,587147008,/wgs84,3,-72871439,1127961194,22170,60,99,135,33688,21,39499,1188,1873,322,0,0,255,4294967295
2025/07/05/17:49:57.891149,10534,1751712597,787147008,/wgs84,3,-72871418,1127961183,22170,60,99,116,33439,21,39500,1186,1873,348,0,0,255,4294967295
2025/07/05/17:49:57.970307,10535,1751712597,787147008,/wgs84,3,-72871418,1127961183,22170,60,99,116,33439,21,39500,1186,1873,348,0,0,255,4294967295
2025/07/05/17:49:58.070201,10536,1751712597,987147008,/wgs84,3,-72871398,1127961171,22200,63,105,134,32752,20,39529,1184,1876,375,0,0,255,4294967295
2025/07/05/17:49:58.150260,10537,1751712597,987147008,/wgs84,3,-72871398,1127961171,22200,63,105,134,32752,20,39529,1184,1876,375,0,0,255,4294967295
2025/07/05/17:49:58.252568,10538,1751712598,187147008,/wgs84,3,-72871380,1127961157,22160,63,105,128,32143,20,39489,1184,1874,406,0,0,255,4294967295
2025/07/05/17:49:58.330126,10539,1751712598,187147008,/wgs84,3,-72871380,1127961157,22160,63,105,128,32143,20,39489,1184,1874,406,0,0,255,4294967295
2025/07/05/17:49:58.492170,10540,1751712598,387147008,/wgs84,3,-72871361,1127961140,22260,60,99,126,31798,21,39590,1183,1874,414,0,0,255,4294967295
2025/07/05/17:49:58.591476,10541,1751712598,387147008,/wgs84,3,-72871361,1127961140,22260,60,99,126,31798,21,39590,1183,1874,414,0,0,255,4294967295
2025/07/05/17:49:58.670548,10542,1751712598,587147008,/wgs84,3,-72871344,1127961125,22270,60,99,126,31929,21,39600,1183,1878,386,0,0,255,4294967295
2025/07/05/17:49:58.791565,10543,1751712598,587147008,/wgs84,3,-72871344,1127961125,22270,60,99,126,31929,21,39600,1183,1878,386,0,0,255,4294967295
2025/07/05/17:49:58.870734,10544,1751712598,787147008,/wgs84,3,-72871323,1127961113,22250,60,99,136,32280,21,39580,1180,1881,319,0,0,255,4294967295
2025/07/05/17:49:58.991534,10545,1751712598,787147008,/wgs84,3,-72871323,1127961113,22250,60,99,136,32280,21,39580,1180,1881,319,0,0,255,4294967295
2025/07/05/17:49:59.091240,10546,1751712598,987147008,/wgs84,3,-72871302,1127961099,22230,60,99,137,32448,21,39560,1178,1886,327,0,0,255,4294967295
2025/07/05/17:49:59.191419,10547,1751712598,987147008,/wgs84,3,-72871302,1127961099,22230,60,99,137,32448,21,39560,1178,1886,327,0,0,255,4294967295
2025/07/05/17:49:59.272659,10548,1751712599,187147008,/wgs84,3,-72871281,1127961086,22250,63,105,135,32380,20,39580,1176,1888,381,0,0,255,4294967295
2025/07/05/17:49:59.412409,10549,1751712599,387147008,/wgs84,3,-72871261,1127961070,22310,63,105,134,32055,20,39639,1175,1891,369,0,0,255,4294967295
2025/07/05/17:49:59.530703,10550,1751712599,387147008,/wgs84,3,-72871261,1127961070,22310,63,105,134,32055,20,39639,1175,1891,369,0,0,255,4294967295
2025/07/05/17:49:59.633345,10551,1751712599,587147008,/wgs84,3,-72871243,1127961054,22400,63,105,137,31569,20,39729,1172,1891,366,0,0,255,4294967295
2025/07/05/17:49:59.730155,10552,1751712599,587147008,/wgs84,3,-72871243,1127961054,22400,63,105,137,31569,20,39729,1172,1891,366,0,0,255,4294967295
2025/07/05/17:49:59.832987,10553,1751712599,787147008,/wgs84,3,-72871226,1127961036,22450,63,105,129,31196,20,39779,1169,1888,376,0,0,255,4294967295
2025/07/05/17:49:59.930512,10554,1751712599,787147008,/wgs84,3,-72871226,1127961036,22450,63,105,129,31196,20,39779,1169,1888,376,0,0,255,4294967295
2025/07/05/17:50:00.050904,10555,1751712599,987147008,/wgs84,3,-72871211,1127961016,22480,63,105,134,30719,20,39809,1168,1886,413,0,0,255,4294967295
2025/07/05/17:50:00.171393,10556,1751712599,987147008,/wgs84,3,-72871211,1127961016,22480,63,105,134,30719,20,39809,1168,1886,413,0,0,255,4294967295
2025/07/05/17:50:00.252773,10557,1751712600,187147008,/wgs84,3,-72871197,1127960995,22540,63,105,138,30360,20,39870,1167,1884,424,0,0,255,4294967295
2025/07/05/17:50:00.350987,10558,1751712600,187147008,/wgs84,3,-72871197,1127960995,22540,63,105,138,30360,20,39870,1167,1884,424,0,0,255,4294967295
2025/07/05/17:50:00.530230,10559,1751712600,387147008,/wgs84,3,-72871181,1127960974,22600,63,105,147,30640,20,39929,1165,1887,375,0,0,255,4294967295
2025/07/05/17:50:00.612617,10560,1751712600,587147008,/wgs84,3,-72871163,1127960956,22670,63,105,137,30925,20,39999,1163,1891,370,0,0,255,4294967295
2025/07/05/17:50:00.691330,10561,1751712600,587147008,/wgs84,3,-72871163,1127960956,22670,63,105,137,30925,20,39999,1163,1891,370,0,0,255,4294967295
2025/07/05/17:50:00.791929,10562,1751712600,587147008,/wgs84,3,-72871163,1127960956,22670,63,105,137,30925,20,39999,1163,1891,370,0,0,255,4294967295
2025/07/05/17:50:00.892180,10563,1751712600,787147008,/wgs84,3,-72871147,1127960939,22700,63,105,138,31146,20,40030,1161,1893,377,0,0,255,4294967295
2025/07/05/17:50:00.970691,10564,1751712600,787147008,/wgs84,3,-72871147,1127960939,22700,63,105,138,31146,20,40030,1161,1893,377,0,0,255,4294967295
2025/07/05/17:50:01.070192,10565,1751712600,987147008,/wgs84,3,-72871131,1127960922,22680,63,105,131,30667,20,40009,1159,1889,410,0,0,255,4294967295
2025/07/05/17:50:01.191281,10566,1751712600,987147008,/wgs84,3,-72871131,1127960922,22680,63,105,131,30667,20,40009,1159,1889,410,0,0,255,4294967295
2025/07/05/17:50:01.270861,10567,1751712601,187147008,/wgs84,3,-72871117,1127960902,22670,63,105,139,30299,20,40000,1158,1884,420,0,0,255,4294967295
2025/07/05/17:50:01.391369,10568,1751712601,187147008,/wgs84,3,-72871117,1127960902,22670,63,105,139,30299,20,40000,1158,1884,420,0,0,255,4294967295
2025/07/05/17:50:01.571300,10569,1751712601,387147008,/wgs84,3,-72871103,1127960883,22670,63,105,125,30277,20,40000,1157,1881,413,0,0,255,4294967295
2025/07/05/17:50:01.670969,10570,1751712601,587147008,/wgs84,3,-72871089,1127960864,22690,65,111,140,30495,19,40020,1157,1880,409,0,0,255,4294967295
2025/07/05/17:50:01.751406,10571,1751712601,587147008,/wgs84,3,-72871089,1127960864,22690,65,111,140,30495,19,40020,1157,1880,409,0,0,255,4294967295
2025/07/05/17:50:01.850936,10572,1751712601,787147008,/wgs84,3,-72871074,1127960846,22680,65,111,134,30776,19,40010,1150,1881,305,0,0,255,4294967295
2025/07/05/17:50:01.991068,10573,1751712601,787147008,/wgs84,3,-72871074,1127960846,22680,65,111,134,30776,19,40010,1150,1881,305,0,0,255,4294967295
2025/07/05/17:50:02.069926,10574,1751712601,987147008,/wgs84,3,-72871059,1127960830,22640,65,111,131,30989,19,39970,1145,1882,331,0,0,255,4294967295
2025/07/05/17:50:02.169827,10575,1751712601,987147008,/wgs84,3,-72871059,1127960830,22640,65,111,131,30989,19,39970,1145,1882,331,0,0,255,4294967295
2025/07/05/17:50:02.251896,10576,1751712602,187147008,/wgs84,3,-72871044,1127960811,22680,63,105,135,30765,20,40009,1140,1882,344,0,0,255,4294967295
2025/07/05/17:50:02.351549,10577,1751712602,187147008,/wgs84,3,-72871044,1127960811,22680,63,105,135,30765,20,40009,1140,1882,344,0,0,255,4294967295
2025/07/05/17:50:02.530113,10578,1751712602,387147008,/wgs84,3,-72871032,1127960791,22720,65,111,133,30246,19,40049,1137,1879,380,0,0,255,4294967295
2025/07/05/17:50:02.633668,10579,1751712602,587147008,/wgs84,3,-72871022,1127960771,22680,65,111,131,30013,19,40009,1137,1876,473,0,0,255,4294967295
2025/07/05/17:50:02.712466,10580,1751712602,587147008,/wgs84,3,-72871022,1127960771,22680,65,111,131,30013,19,40009,1137,1876,473,0,0,255,4294967295
2025/07/05/17:50:02.811727,10581,1751712602,787147008,/wgs84,3,-72871010,1127960752,22620,65,111,137,30496,19,39950,1138,1878,453,0,0,255,4294967295
2025/07/05/17:50:02.891949,10582,1751712602,787147008,/wgs84,3,-72871010,1127960752,22620,65,111,137,30496,19,39950,1138,1878,453,0,0,255,4294967295
2025/07/05/17:50:02.992471,10583,1751712602,987147008,/wgs84,3,-72870994,1127960735,22580,65,111,141,30963,19,39909,1140,1879,416,0,0,255,4294967295
2025/07/05/17:50:03.072870,10584,1751712602,987147008,/wgs84,3,-72870994,1127960735,22580,65,111,141,30963,19,39909,1140,1879,416,0,0,255,4294967295
2025/07/05/17:50:03.191812,10585,1751712602,987147008,/wgs84,3,-72870994,1127960735,22580,65,111,141,30963,19,39909,1140,1879,416,0,0,255,4294967295
2025/07/05/17:50:03.271329,10586,1751712603,187147008,/wgs84,3,-72870979,1127960717,22490,65,111,138,30573,19,39819,1139,1880,367,0,0,255,4294967295
2025/07/05/17:50:03.370072,10587,1751712603,187147008,/wgs84,3,-72870979,1127960717,22490,65,111,138,30573,19,39819,1139,1880,367,0,0,255,4294967295
2025/07/05/17:50:03.551811,10588,1751712603,387147008,/wgs84,3,-72870967,1127960697,22460,65,111,138,30331,19,39789,1136,1879,382,0,0,255,4294967295
2025/07/05/17:50:03.651293,10589,1751712603,587147008,/wgs84,3,-72870955,1127960677,22440,65,111,139,30288,19,39769,1135,1879,425,0,0,255,4294967295
2025/07/05/17:50:03.751159,10590,1751712603,587147008,/wgs84,3,-72870955,1127960677,22440,65,111,139,30288,19,39769,1135,1879,425,0,0,255,4294967295
2025/07/05/17:50:03.851685,10591,1751712603,787147008,/wgs84,3,-72870940,1127960655,22520,63,105,148,30477,20,39849,1134,1878,397,0,0,255,4294967295
2025/07/05/17:50:03.950388,10592,1751712603,787147008,/wgs84,3,-72870940,1127960655,22520,63,105,148,30477,20,39849,1134,1878,397,0,0,255,4294967295
2025/07/05/17:50:04.052347,10593,1751712603,987147008,/wgs84,3,-72870925,1127960633,22520,63,105,136,30580,20,39849,1135,1880,452,0,0,255,4294967295
2025/07/05/17:50:04.151202,10594,1751712603,987147008,/wgs84,3,-72870925,1127960633,22520,63,105,136,30580,20,39849,1135,1880,452,0,0,255,4294967295
2025/07/05/17:50:04.252243,10595,1751712604,187147008,/wgs84,3,-72870911,1127960612,22540,63,105,143,30447,20,39869,1136,1881,411,0,0,255,4294967295
2025/07/05/17:50:04.351286,10596,1751712604,187147008,/wgs84,3,-72870911,1127960612,22540,63,105,143,30447,20,39869,1136,1881,411,0,0,255,4294967295
2025/07/05/17:50:04.530606,10597,1751712604,387147008,/wgs84,3,-72870901,1127960590,22540,65,111,142,29619,19,39869,1134,1881,395,0,0,255,4294967295
2025/07/05/17:50:04.632758,10598,1751712604,587147008,/wgs84,3,-72870893,1127960566,22520,63,105,140,29235,20,39849,1132,1880,393,0,0,255,4294967295
2025/07/05/17:50:04.729655,10599,1751712604,587147008,/wgs84,3,-72870893,1127960566,22520,63,105,140,29235,20,39849,1132,1880,393,0,0,255,4294967295
2025/07/05/17:50:04.811242,10600,1751712604,787147008,/wgs84,3,-72870886,1127960544,22460,63,105,129,29117,20,39789,1129,1878,380,0,0,255,4294967295
2025/07/05/17:50:04.911521,10601,1751712604,787147008,/wgs84,3,-72870886,1127960544,22460,63,105,129,29117,20,39789,1129,1878,380,0,0,255,4294967295
2025/07/05/17:50:04.991356,10602,1751712604,787147008,/wgs84,3,-72870886,1127960544,22460,63,105,129,29117,20,39789,1129,1878,380,0,0,255,4294967295
2025/07/05/17:50:05.111123,10603,1751712604,987147008,/wgs84,3,-72870878,1127960524,22390,63,105,125,29396,20,39719,1127,1877,386,0,0,255,4294967295
2025/07/05/17:50:05.191681,10604,1751712604,987147008,/wgs84,3,-72870878,1127960524,22390,63,105,125,29396,20,39719,1127,1877,386,0,0,255,4294967295
2025/07/05/17:50:05.291137,10605,1751712605,187147008,/wgs84,3,-72870866,1127960504,22290,63,105,141,29815,20,39620,1124,1878,373,0,0,255,4294967295
2025/07/05/17:50:05.414109,10606,1751712605,387147008,/wgs84,3,-72870854,1127960483,22270,63,105,126,30071,20,39599,1123,1882,395,0,0,255,4294967295
2025/07/05/17:50:05.570257,10607,1751712605,387147008,/wgs84,3,-72870854,1127960483,22270,63,105,126,30071,20,39599,1123,1882,395,0,0,255,4294967295
2025/07/05/17:50:05.690616,10608,1751712605,587147008,/wgs84,3,-72870841,1127960464,22230,63,105,127,30430,20,39560,1122,1882,387,0,0,255,4294967295
2025/07/05/17:50:05.791733,10609,1751712605,787147008,/wgs84,3,-72870827,1127960447,22160,63,105,126,30693,20,39489,1121,1882,375,0,0,255,4294967295
2025/07/05/17:50:05.891512,10610,1751712605,787147008,/wgs84,3,-72870827,1127960447,22160,63,105,126,30693,20,39489,1121,1882,375,0,0,255,4294967295
2025/07/05/17:50:05.992239,10611,1751712605,787147008,/wgs84,3,-72870827,1127960447,22160,63,105,126,30693,20,39489,1121,1882,375,0,0,255,4294967295
2025/07/05/17:50:06.071172,10612,1751712605,987147008,/wgs84,3,-72870812,1127960429,22120,63,105,128,31015,20,39449,1121,1883,390,0,0,255,4294967295
2025/07/05/17:50:06.152630,10613,1751712605,987147008,/wgs84,3,-72870812,1127960429,22120,63,105,128,31015,20,39449,1121,1883,390,0,0,255,4294967295
2025/07/05/17:50:06.250423,10614,1751712606,187147008,/wgs84,3,-72870796,1127960413,22090,63,105,129,31422,20,39419,1121,1887,381,0,0,255,4294967295
2025/07/05/17:50:06.350056,10615,1751712606,187147008,/wgs84,3,-72870796,1127960413,22090,63,105,129,31422,20,39419,1121,1887,381,0,0,255,4294967295
2025/07/05/17:50:06.511246,10616,1751712606,387147008,/wgs84,3,-72870778,1127960397,22060,60,99,135,31781,21,39389,1121,1893,366,0,0,255,4294967295
2025/07/05/17:50:06.612276,10617,1751712606,587147008,/wgs84,3,-72870759,1127960382,22020,63,105,130,32088,20,39350,1120,1896,366,0,0,255,4294967295
2025/07/05/17:50:06.710955,10618,1751712606,587147008,/wgs84,3,-72870759,1127960382,22020,63,105,130,32088,20,39350,1120,1896,366,0,0,255,4294967295
2025/07/05/17:50:06.811513,10619,1751712606,787147008,/wgs84,3,-72870740,1127960366,22030,63,105,143,32216,20,39359,1122,1900,422,0,0,255,4294967295
2025/07/05/17:50:06.911638,10620,1751712606,787147008,/wgs84,3,-72870740,1127960366,22030,63,105,143,32216,20,39359,1122,1900,422,0,0,255,4294967295
2025/07/05/17:50:07.011043,10621,1751712606,987147008,/wgs84,3,-72870719,1127960350,22110,63,105,139,32399,20,39440,1124,1901,423,0,0,255,4294967295
2025/07/05/17:50:07.091195,10622,1751712606,987147008,/wgs84,3,-72870719,1127960350,22110,63,105,139,32399,20,39440,1124,1901,423,0,0,255,4294967295
2025/07/05/17:50:07.191056,10623,1751712606,987147008,/wgs84,3,-72870719,1127960350,22110,63,105,139,32399,20,39440,1124,1901,423,0,0,255,4294967295
2025/07/05/17:50:07.291013,10624,1751712607,187147008,/wgs84,3,-72870698,1127960337,22100,63,105,134,32950,20,39429,1126,1904,402,0,0,255,4294967295
2025/07/05/17:50:07.451503,10625,1751712607,387147008,/wgs84,3,-72870676,1127960328,22130,63,105,129,33476,20,39460,1129,1905,388,0,0,255,4294967295
2025/07/05/17:50:07.569711,10626,1751712607,387147008,/wgs84,3,-72870676,1127960328,22130,63,105,129,33476,20,39460,1129,1905,388,0,0,255,4294967295
2025/07/05/17:50:07.670244,10627,1751712607,587147008,/wgs84,3,-72870654,1127960319,22160,63,105,133,33534,20,39489,1131,1904,404,0,0,255,4294967295
2025/07/05/17:50:07.751623,10628,1751712607,587147008,/wgs84,3,-72870654,1127960319,22160,63,105,133,33534,20,39489,1131,1904,404,0,0,255,4294967295
2025/07/05/17:50:07.851384,10629,1751712607,787147008,/wgs84,3,-72870632,1127960309,22140,63,105,129,33760,20,39470,1132,1905,397,0,0,255,4294967295
2025/07/05/17:50:07.991605,10630,1751712607,787147008,/wgs84,3,-72870632,1127960309,22140,63,105,129,33760,20,39470,1132,1905,397,0,0,255,4294967295
2025/07/05/17:50:08.071258,10631,1751712607,987147008,/wgs84,3,-72870611,1127960303,22150,63,105,124,34151,20,39479,1135,1907,367,0,0,255,4294967295
2025/07/05/17:50:08.171272,10632,1751712607,987147008,/wgs84,3,-72870611,1127960303,22150,63,105,124,34151,20,39479,1135,1907,367,0,0,255,4294967295
2025/07/05/17:50:08.271605,10633,1751712608,187147008,/wgs84,3,-72870588,1127960297,22120,63,105,137,34600,20,39449,1137,1905,354,0,0,255,4294967295
2025/07/05/17:50:08.411846,10634,1751712608,387147008,/wgs84,3,-72870565,1127960293,22110,63,105,133,34891,20,39440,1137,1898,283,0,0,255,4294967295
2025/07/05/17:50:08.570225,10635,1751712608,387147008,/wgs84,3,-72870565,1127960293,22110,63,105,133,34891,20,39440,1137,1898,283,0,0,255,4294967295
2025/07/05/17:50:08.670238,10636,1751712608,587147008,/wgs84,3,-72870542,1127960290,22090,63,105,127,35095,20,39420,1136,1894,282,0,0,255,4294967295
2025/07/05/17:50:08.770104,10637,1751712608,587147008,/wgs84,3,-72870542,1127960290,22090,63,105,127,35095,20,39420,1136,1894,282,0,0,255,4294967295
2025/07/05/17:50:08.890593,10638,1751712608,787147008,/wgs84,3,-72870520,1127960288,22030,65,111,130,35201,19,39359,1137,1895,314,0,0,255,4294967295
2025/07/05/17:50:09.010859,10639,1751712608,987147008,/wgs84,3,-72870499,1127960288,21990,63,105,113,35849,20,39320,1138,1891,268,0,0,255,4294967295
2025/07/05/17:50:09.090861,10640,1751712608,987147008,/wgs84,3,-72870499,1127960288,21990,63,105,113,35849,20,39320,1138,1891,268,0,0,255,4294967295
2025/07/05/17:50:09.191542,10641,1751712608,987147008,/wgs84,3,-72870499,1127960288,21990,63,105,113,35849,20,39320,1138,1891,268,0,0,255,4294967295
2025/07/05/17:50:09.269456,10642,1751712609,187147008,/wgs84,3,-72870476,1127960289,21940,63,105,135,232,20,39269,1140,1891,288,0,0,255,4294967295
2025/07/05/17:50:09.369821,10643,1751712609,187147008,/wgs84,3,-72870476,1127960289,21940,63,105,135,232,20,39269,1140,1891,288,0,0,255,4294967295
2025/07/05/17:50:09.549401,10644,1751712609,387147008,/wgs84,3,-72870451,1127960292,21940,62,104,140,496,20,39269,1144,1890,268,0,0,255,4294967295
2025/07/05/17:50:09.651136,10645,1751712609,587147008,/wgs84,3,-72870428,1127960297,21850,65,111,131,1236,19,39180,1149,1883,230,0,0,255,4294967295
2025/07/05/17:50:09.750163,10646,1751712609,587147008,/wgs84,3,-72870428,1127960297,21850,65,111,131,1236,19,39180,1149,1883,230,0,0,255,4294967295
2025/07/05/17:50:09.851773,10647,1751712609,787147008,/wgs84,3,-72870405,1127960306,21720,65,111,150,619,19,39050,1149,1873,221,0,0,255,4294967295
2025/07/05/17:50:09.970165,10648,1751712609,787147008,/wgs84,3,-72870405,1127960306,21720,65,111,150,619,19,39050,1149,1873,221,0,0,255,4294967295
2025/07/05/17:50:10.069750,10649,1751712609,987147008,/wgs84,3,-72870383,1127960309,21650,65,111,129,79,19,38980,1147,1865,273,0,0,255,4294967295
2025/07/05/17:50:10.150049,10650,1751712609,987147008,/wgs84,3,-72870383,1127960309,21650,65,111,129,79,19,38980,1147,1865,273,0,0,255,4294967295
2025/07/05/17:50:10.251878,10651,1751712610,187147008,/wgs84,3,-72870360,1127960313,21650,65,111,143,487,19,38980,1147,1861,260,0,0,255,4294967295
2025/07/05/17:50:10.350110,10652,1751712610,187147008,/wgs84,3,-72870360,1127960313,21650,65,111,143,487,19,38980,1147,1861,260,0,0,255,4294967295
2025/07/05/17:50:10.511388,10653,1751712610,387147008,/wgs84,3,-72870335,1127960317,21670,65,112,135,623,19,39000,1150,1861,299,0,0,255,4294967295
2025/07/05/17:50:10.590870,10654,1751712610,387147008,/wgs84,3,-72870335,1127960317,21670,65,112,135,623,19,39000,1150,1861,299,0,0,255,4294967295
2025/07/05/17:50:10.690747,10655,1751712610,587147008,/wgs84,3,-72870310,1127960323,21680,67,115,135,1148,18,39010,1153,1859,231,0,0,255,4294967295
2025/07/05/17:50:10.791202,10656,1751712610,587147008,/wgs84,3,-72870310,1127960323,21680,67,115,135,1148,18,39010,1153,1859,231,0,0,255,4294967295
2025/07/05/17:50:10.869736,10657,1751712610,787147008,/wgs84,3,-72870286,1127960330,21660,67,115,140,1129,18,38990,1154,1859,244,0,0,255,4294967295
2025/07/05/17:50:10.992047,10658,1751712610,787147008,/wgs84,3,-72870286,1127960330,21660,67,115,140,1129,18,38990,1154,1859,244,0,0,255,4294967295
2025/07/05/17:50:11.071841,10659,1751712610,987147008,/wgs84,3,-72870261,1127960335,21680,67,115,138,778,18,39010,1155,1859,264,0,0,255,4294967295
2025/07/05/17:50:11.150153,10660,1751712610,987147008,/wgs84,3,-72870261,1127960335,21680,67,115,138,778,18,39010,1155,1859,264,0,0,255,4294967295
2025/07/05/17:50:11.251553,10661,1751712611,187147008,/wgs84,3,-72870236,1127960337,21680,67,115,137,502,18,39009,1157,1858,285,0,0,255,4294967295
2025/07/05/17:50:11.350072,10662,1751712611,187147008,/wgs84,3,-72870236,1127960337,21680,67,115,137,502,18,39009,1157,1858,285,0,0,255,4294967295
2025/07/05/17:50:11.529941,10663,1751712611,387147008,/wgs84,3,-72870212,1127960338,21680,67,115,133,356,18,39010,1159,1855,306,0,0,255,4294967295
2025/07/05/17:50:11.632563,10664,1751712611,587147008,/wgs84,3,-72870186,1127960339,21660,65,107,147,375,19,38989,1162,1852,257,0,0,255,4294967295
2025/07/05/17:50:11.711674,10665,1751712611,587147008,/wgs84,3,-72870186,1127960339,21660,65,107,147,375,19,38989,1162,1852,257,0,0,255,4294967295
2025/07/05/17:50:11.791016,10666,1751712611,587147008,/wgs84,3,-72870186,1127960339,21660,65,107,147,375,19,38989,1162,1852,257,0,0,255,4294967295
2025/07/05/17:50:11.869406,10667,1751712611,787147008,/wgs84,3,-72870162,1127960343,21580,67,115,127,691,18,38909,1164,1852,253,0,0,255,4294967295
2025/07/05/17:50:11.950736,10668,1751712611,787147008,/wgs84,3,-72870162,1127960343,21580,67,115,127,691,18,38909,1164,1852,253,0,0,255,4294967295
2025/07/05/17:50:12.051957,10669,1751712611,987147008,/wgs84,3,-72870139,1127960348,21610,67,115,128,862,18,38940,1165,1849,257,0,0,255,4294967295
2025/07/05/17:50:12.150067,10670,1751712611,987147008,/wgs84,3,-72870139,1127960348,21610,67,115,128,862,18,38940,1165,1849,257,0,0,255,4294967295
2025/07/05/17:50:12.251541,10671,1751712612,187147008,/wgs84,3,-72870117,1127960352,21600,67,115,128,1065,18,38930,1165,1845,264,0,0,255,4294967295
2025/07/05/17:50:12.349836,10672,1751712612,187147008,/wgs84,3,-72870117,1127960352,21600,67,115,128,1065,18,38930,1165,1845,264,0,0,255,4294967295
2025/07/05/17:50:12.529804,10673,1751712612,387147008,/wgs84,3,-72870094,1127960359,21570,64,109,134,1520,19,38900,1165,1846,301,0,0,255,4294967295
2025/07/05/17:50:12.613794,10674,1751712612,587147008,/wgs84,3,-72870073,1127960365,21610,65,107,122,1978,19,38940,1168,1847,268,0,0,255,4294967295
2025/07/05/17:50:12.691232,10675,1751712612,587147008,/wgs84,3,-72870073,1127960365,21610,65,107,122,1978,19,38940,1168,1847,268,0,0,255,4294967295
2025/07/05/17:50:12.791265,10676,1751712612,587147008,/wgs84,3,-72870073,1127960365,21610,65,107,122,1978,19,38940,1168,1847,268,0,0,255,4294967295
2025/07/05/17:50:12.911189,10677,1751712612,787147008,/wgs84,3,-72870053,1127960372,21660,65,107,123,2353,19,38990,1170,1848,276,0,0,255,4294967295
2025/07/05/17:50:13.011545,10678,1751712612,987147008,/wgs84,3,-72870031,1127960379,21740,65,107,134,2382,19,39070,1173,1848,267,0,0,255,4294967295
2025/07/05/17:50:13.091312,10679,1751712612,987147008,/wgs84,3,-72870031,1127960379,21740,65,107,134,2382,19,39070,1173,1848,267,0,0,255,4294967295
2025/07/05/17:50:13.191085,10680,1751712612,987147008,/wgs84,3,-72870031,1127960379,21740,65,107,134,2382,19,39070,1173,1848,267,0,0,255,4294967295
2025/07/05/17:50:13.271003,10681,1751712613,187147008,/wgs84,3,-72870011,1127960390,21710,65,107,130,3170,19,39040,1177,1846,240,0,0,255,4294967295
2025/07/05/17:50:13.449811,10682,1751712613,387147008,/wgs84,3,-72869993,1127960402,21750,65,107,107,3270,19,39080,1180,1844,185,0,0,255,4294967295
2025/07/05/17:50:13.590596,10683,1751712613,387147008,/wgs84,3,-72869993,1127960402,21750,65,107,107,3270,19,39080,1180,1844,185,0,0,255,4294967295
2025/07/05/17:50:13.670239,10684,1751712613,587147008,/wgs84,3,-72869976,1127960414,21820,65,107,124,3763,19,39150,1182,1844,224,0,0,255,4294967295
2025/07/05/17:50:13.790587,10685,1751712613,587147008,/wgs84,3,-72869976,1127960414,21820,65,107,124,3763,19,39150,1182,1844,224,0,0,255,4294967295
2025/07/05/17:50:13.869954,10686,1751712613,787147008,/wgs84,3,-72869960,1127960428,21850,65,107,115,4398,19,39179,1184,1837,229,0,0,255,4294967295
2025/07/05/17:50:13.990689,10687,1751712613,787147008,/wgs84,3,-72869960,1127960428,21850,65,107,115,4398,19,39179,1184,1837,229,0,0,255,4294967295
2025/07/05/17:50:14.069998,10688,1751712613,987147008,/wgs84,3,-72869944,1127960443,21830,65,107,127,4412,19,39159,1184,1831,212,0,0,255,4294967295
2025/07/05/17:50:14.169130,10689,1751712613,987147008,/wgs84,3,-72869944,1127960443,21830,65,107,127,4412,19,39159,1184,1831,212,0,0,255,4294967295
2025/07/05/17:50:14.269570,10690,1751712614,187147008,/wgs84,3,-72869928,1127960459,21910,65,107,122,4788,19,39240,1185,1820,242,0,0,255,4294967295
2025/07/05/17:50:14.411792,10691,1751712614,387147008,/wgs84,3,-72869913,1127960474,21940,65,107,112,4841,19,39270,1187,1811,242,0,0,255,4294967295
2025/07/05/17:50:14.570184,10692,1751712614,387147008,/wgs84,3,-72869913,1127960474,21940,65,107,112,4841,19,39270,1187,1811,242,0,0,255,4294967295
2025/07/05/17:50:14.670089,10693,1751712614,587147008,/wgs84,3,-72869901,1127960491,21940,61,95,132,5993,20,39269,1190,1808,355,0,0,255,4294967295
2025/07/05/17:50:14.770341,10694,1751712614,587147008,/wgs84,3,-72869901,1127960491,21940,61,95,132,5993,20,39269,1190,1808,355,0,0,255,4294967295
2025/07/05/17:50:14.870146,10695,1751712614,787147008,/wgs84,3,-72869891,1127960510,21960,62,99,110,6014,19,39290,1193,1806,309,0,0,255,4294967295
2025/07/05/17:50:14.991501,10696,1751712614,787147008,/wgs84,3,-72869891,1127960510,21960,62,99,110,6014,19,39290,1193,1806,309,0,0,255,4294967295
2025/07/05/17:50:15.069829,10697,1751712614,987147008,/wgs84,3,-72869881,1127960527,21990,61,95,120,6091,20,39320,1197,1804,335,0,0,255,4294967295
2025/07/05/17:50:15.191013,10698,1751712614,987147008,/wgs84,3,-72869881,1127960527,21990,61,95,120,6091,20,39320,1197,1804,335,0,0,255,4294967295
2025/07/05/17:50:15.269459,10699,1751712615,187147008,/wgs84,3,-72869872,1127960547,21970,61,95,123,6614,20,39300,1199,1804,350,0,0,255,4294967295
2025/07/05/17:50:15.349571,10700,1751712615,187147008,/wgs84,3,-72869872,1127960547,21970,61,95,123,6614,20,39300,1199,1804,350,0,0,255,4294967295
2025/07/05/17:50:15.529931,10701,1751712615,387147008,/wgs84,3,-72869867,1127960566,21800,57,89,110,7926,21,39130,1192,1786,306,0,0,255,4294967295
2025/07/05/17:50:15.632540,10702,1751712615,587147008,/wgs84,3,-72869863,1127960584,21740,61,95,116,7556,20,39069,1184,1772,253,0,0,255,4294967295
2025/07/05/17:50:15.710379,10703,1751712615,587147008,/wgs84,3,-72869863,1127960584,21740,61,95,116,7556,20,39069,1184,1772,253,0,0,255,4294967295
2025/07/05/17:50:15.791331,10704,1751712615,587147008,/wgs84,3,-72869863,1127960584,21740,61,95,116,7556,20,39069,1184,1772,253,0,0,255,4294967295
2025/07/05/17:50:15.910671,10705,1751712615,787147008,/wgs84,3,-72869854,1127960602,21730,61,95,138,6996,20,39060,1174,1760,226,0,0,255,4294967295
2025/07/05/17:50:16.010752,10706,1751712615,987147008,/wgs84,3,-72869844,1127960623,21760,61,95,125,6682,20,39090,1167,1751,238,0,0,255,4294967295
2025/07/05/17:50:16.110819,10707,1751712615,987147008,/wgs84,3,-72869844,1127960623,21760,61,95,125,6682,20,39090,1167,1751,238,0,0,255,4294967295
2025/07/05/17:50:16.191379,10708,1751712615,987147008,/wgs84,3,-72869844,1127960623,21760,61,95,125,6682,20,39090,1167,1751,238,0,0,255,4294967295
2025/07/05/17:50:16.269475,10709,1751712616,187147008,/wgs84,3,-72869835,1127960640,21660,61,95,129,6993,20,38990,1157,1737,252,0,0,255,4294967295
2025/07/05/17:50:16.349841,10710,1751712616,187147008,/wgs84,3,-72869835,1127960640,21660,61,95,129,6993,20,38990,1157,1737,252,0,0,255,4294967295
2025/07/05/17:50:16.511436,10711,1751712616,387147008,/wgs84,3,-72869829,1127960661,21610,61,95,127,7365,20,38940,1148,1727,254,0,0,255,4294967295
2025/07/05/17:50:16.611300,10712,1751712616,587147008,/wgs84,3,-72869824,1127960680,21550,61,95,109,7290,20,38880,1143,1718,290,0,0,255,4294967295
2025/07/05/17:50:16.691285,10713,1751712616,587147008,/wgs84,3,-72869824,1127960680,21550,61,95,109,7290,20,38880,1143,1718,290,0,0,255,4294967295
2025/07/05/17:50:16.790555,10714,1751712616,587147008,/wgs84,3,-72869824,1127960680,21550,61,95,109,7290,20,38880,1143,1718,290,0,0,255,4294967295
2025/07/05/17:50:16.869676,10715,1751712616,787147008,/wgs84,3,-72869819,1127960700,21500,61,95,128,7498,20,38830,1140,1708,320,0,0,255,4294967295
2025/07/05/17:50:16.991092,10716,1751712616,787147008,/wgs84,3,-72869819,1127960700,21500,61,95,128,7498,20,38830,1140,1708,320,0,0,255,4294967295
2025/07/05/17:50:17.069803,10717,1751712616,987147008,/wgs84,3,-72869814,1127960720,21480,61,95,126,8214,20,38810,1131,1695,282,0,0,255,4294967295
2025/07/05/17:50:17.169342,10718,1751712616,987147008,/wgs84,3,-72869814,1127960720,21480,61,95,126,8214,20,38810,1131,1695,282,0,0,255,4294967295
2025/07/05/17:50:17.269696,10719,1751712617,187147008,/wgs84,3,-72869813,1127960742,21450,61,95,147,9052,20,38780,1123,1683,291,0,0,255,4294967295
2025/07/05/17:50:17.349305,10720,1751712617,187147008,/wgs84,3,-72869813,1127960742,21450,61,95,147,9052,20,38780,1123,1683,291,0,0,255,4294967295
2025/07/05/17:50:17.510406,10721,1751712617,387147008,/wgs84,3,-72869815,1127960763,21440,57,89,125,9412,21,38770,1112,1673,269,0,0,255,4294967295
2025/07/05/17:50:17.612957,10722,1751712617,587147008,/wgs84,3,-72869815,1127960785,21430,59,92,141,9080,20,38760,1102,1665,256,0,0,255,4294967295
2025/07/05/17:50:17.690499,10723,1751712617,587147008,/wgs84,3,-72869815,1127960785,21430,59,92,141,9080,20,38760,1102,1665,256,0,0,255,4294967295
2025/07/05/17:50:17.769683,10724,1751712617,587147008,/wgs84,3,-72869815,1127960785,21430,59,92,141,9080,20,38760,1102,1665,256,0,0,255,4294967295
2025/07/05/17:50:17.890776,10725,1751712617,787147008,/wgs84,3,-72869812,1127960808,21430,57,89,132,8835,21,38760,1097,1657,297,0,0,255,4294967295
2025/07/05/17:50:17.991444,10726,1751712617,987147008,/wgs84,3,-72869810,1127960831,21390,57,89,130,8636,21,38720,1090,1647,276,0,0,255,4294967295
2025/07/05/17:50:18.090717,10727,1751712617,987147008,/wgs84,3,-72869810,1127960831,21390,57,89,130,8636,21,38720,1090,1647,276,0,0,255,4294967295
2025/07/05/17:50:18.191797,10728,1751712618,187147008,/wgs84,3,-72869811,1127960857,21330,57,89,143,8848,21,38660,1078,1634,249,0,0,255,4294967295
2025/07/05/17:50:18.290888,10729,1751712618,187147008,/wgs84,3,-72869811,1127960857,21330,57,89,143,8848,21,38660,1078,1634,249,0,0,255,4294967295
2025/07/05/17:50:18.369858,10730,1751712618,187147008,/wgs84,3,-72869811,1127960857,21330,57,89,143,8848,21,38660,1078,1634,249,0,0,255,4294967295
2025/07/05/17:50:18.549759,10731,1751712618,387147008,/wgs84,3,-72869813,1127960881,21310,61,95,121,9250,20,38640,1066,1619,244,0,0,255,4294967295
2025/07/05/17:50:18.649640,10732,1751712618,587147008,/wgs84,3,-72869819,1127960904,21300,61,95,129,9623,20,38630,1055,1606,245,0,0,255,4294967295
2025/07/05/17:50:18.769786,10733,1751712618,587147008,/wgs84,3,-72869819,1127960904,21300,61,95,129,9623,20,38630,1055,1606,245,0,0,255,4294967295
2025/07/05/17:50:18.849633,10734,1751712618,787147008,/wgs84,3,-72869827,1127960933,21230,61,95,135,9869,20,38560,1037,1589,204,0,0,255,4294967295
2025/07/05/17:50:18.949728,10735,1751712618,787147008,/wgs84,3,-72869827,1127960933,21230,61,95,135,9869,20,38560,1037,1589,204,0,0,255,4294967295
2025/07/05/17:50:19.049659,10736,1751712618,987147008,/wgs84,3,-72869837,1127960965,21150,61,95,126,10129,20,38480,1020,1570,199,0,0,255,4294967295
2025/07/05/17:50:19.149445,10737,1751712618,987147008,/wgs84,3,-72869837,1127960965,21150,61,95,126,10129,20,38480,1020,1570,199,0,0,255,4294967295
2025/07/05/17:50:19.249839,10738,1751712619,187147008,/wgs84,3,-72869846,1127960991,21100,61,95,130,10554,20,38430,1006,1556,221,0,0,255,4294967295
2025/07/05/17:50:19.390650,10739,1751712619,187147008,/wgs84,3,-72869846,1127960991,21100,61,95,130,10554,20,38430,1006,1556,221,0,0,255,4294967295
2025/07/05/17:50:19.529969,10740,1751712619,388147008,/wgs84,3,-72869856,1127961017,21100,61,95,126,10851,20,38430,995,1542,234,0,0,255,4294967295
2025/07/05/17:50:19.632573,10741,1751712619,588147008,/wgs84,3,-72869868,1127961040,21050,61,95,124,11261,20,38380,985,1530,242,0,0,255,4294967295
2025/07/05/17:50:19.729286,10742,1751712619,588147008,/wgs84,3,-72869868,1127961040,21050,61,95,124,11261,20,38380,985,1530,242,0,0,255,4294967295
2025/07/05/17:50:19.810256,10743,1751712619,788147008,/wgs84,3,-72869883,1127961062,21050,61,95,130,11945,20,38380,974,1518,234,0,0,255,4294967295
2025/07/05/17:50:19.910476,10744,1751712619,788147008,/wgs84,3,-72869883,1127961062,21050,61,95,130,11945,20,38380,974,1518,234,0,0,255,4294967295
2025/07/05/17:50:20.032244,10745,1751712619,988147008,/wgs84,3,-72869897,1127961083,21080,61,95,127,12191,20,38410,967,1509,271,0,0,255,4294967295
2025/07/05/17:50:20.110314,10746,1751712619,988107072,/wgs84,3,-72869897,1127961083,21080,61,95,127,12191,20,38410,967,1509,271,0,0,255,4294967295
2025/07/05/17:50:20.190486,10747,1751712619,988107072,/wgs84,3,-72869897,1127961083,21080,61,95,127,12191,20,38410,967,1509,271,0,0,255,4294967295
2025/07/05/17:50:20.269344,10748,1751712620,188107072,/wgs84,3,-72869913,1127961102,21070,61,95,134,12652,20,38400,962,1499,289,0,0,255,4294967295
2025/07/05/17:50:20.410786,10749,1751712620,388107072,/wgs84,3,-72869931,1127961123,21090,61,95,127,13099,20,38420,957,1491,277,0,0,255,4294967295
2025/07/05/17:50:20.550138,10750,1751712620,388107072,/wgs84,3,-72869931,1127961123,21090,61,95,127,13099,20,38420,957,1491,277,0,0,255,4294967295
2025/07/05/17:50:20.632620,10751,1751712620,588107072,/wgs84,3,-72869947,1127961138,21160,61,95,113,13328,20,38490,951,1481,272,0,0,255,4294967295
2025/07/05/17:50:20.710243,10752,1751712620,588107072,/wgs84,3,-72869947,1127961138,21160,61,95,113,13328,20,38490,951,1481,272,0,0,255,4294967295
2025/07/05/17:50:20.790231,10753,1751712620,588107072,/wgs84,3,-72869947,1127961138,21160,61,95,113,13328,20,38490,951,1481,272,0,0,255,4294967295
2025/07/05/17:50:20.869931,10754,1751712620,788107072,/wgs84,3,-72869963,1127961152,21200,61,95,95,13615,20,38530,946,1473,260,0,0,255,4294967295
2025/07/05/17:50:20.990710,10755,1751712620,788107072,/wgs84,3,-72869963,1127961152,21200,61,95,95,13615,20,38530,946,1473,260,0,0,255,4294967295
2025/07/05/17:50:21.069337,10756,1751712620,988107072,/wgs84,3,-72869978,1127961159,21230,61,95,87,14142,20,38560,942,1463,265,0,0,255,4294967295
2025/07/05/17:50:21.190328,10757,1751712620,988107072,/wgs84,3,-72869978,1127961159,21230,61,95,87,14142,20,38560,942,1463,265,0,0,255,4294967295
2025/07/05/17:50:21.269921,10758,1751712621,188107072,/wgs84,3,-72869993,1127961167,21270,61,95,84,14561,20,38600,937,1455,265,0,0,255,4294967295
2025/07/05/17:50:21.370284,10759,1751712621,188107072,/wgs84,3,-72869993,1127961167,21270,61,95,84,14561,20,38600,937,1455,265,0,0,255,4294967295
2025/07/05/17:50:21.549615,10760,1751712621,388107072,/wgs84,3,-72870006,1127961175,21300,61,95,85,14419,20,38630,933,1451,289,0,0,255,4294967295
2025/07/05/17:50:21.649276,10761,1751712621,588107072,/wgs84,3,-72870019,1127961183,21320,61,95,74,14630,20,38650,929,1446,275,0,0,255,4294967295
2025/07/05/17:50:21.753016,10762,1751712621,588107072,/wgs84,3,-72870019,1127961183,21320,61,95,74,14630,20,38650,929,1446,275,0,0,255,4294967295
2025/07/05/17:50:21.849918,10763,1751712621,788107072,/wgs84,3,-72870032,1127961193,21270,61,95,91,14363,20,38600,925,1440,285,0,0,255,4294967295
2025/07/05/17:50:21.949488,10764,1751712621,788107072,/wgs84,3,-72870032,1127961193,21270,61,95,91,14363,20,38600,925,1440,285,0,0,255,4294967295
2025/07/05/17:50:22.049781,10765,1751712621,988107072,/wgs84,3,-72870047,1127961204,21280,61,95,81,14762,20,38610,921,1434,257,0,0,255,4294967295
2025/07/05/17:50:22.149545,10766,1751712621,988107072,/wgs84,3,-72870047,1127961204,21280,61,95,81,14762,20,38610,921,1434,257,0,0,255,4294967295
2025/07/05/17:50:22.249468,10767,1751712622,188107072,/wgs84,3,-72870059,1127961211,21290,61,95,62,14761,20,38620,917,1428,287,0,0,255,4294967295
2025/07/05/17:50:22.391173,10768,1751712622,188107072,/wgs84,3,-72870059,1127961211,21290,61,95,62,14761,20,38620,917,1428,287,0,0,255,4294967295
2025/07/05/17:50:22.529744,10769,1751712622,388107072,/wgs84,3,-72870071,1127961216,21320,61,95,83,14956,20,38650,914,1422,277,0,0,255,4294967295
2025/07/05/17:50:22.610487,10770,1751712622,588107072,/wgs84,3,-72870084,1127961224,21310,61,95,62,15051,20,38640,910,1415,265,0,0,255,4294967295
2025/07/05/17:50:22.690551,10771,1751712622,588107072,/wgs84,3,-72870084,1127961224,21310,61,95,62,15051,20,38640,910,1415,265,0,0,255,4294967295
2025/07/05/17:50:22.790602,10772,1751712622,588107072,/wgs84,3,-72870084,1127961224,21310,61,95,62,15051,20,38640,910,1415,265,0,0,255,4294967295
2025/07/05/17:50:22.871867,10773,1751712622,788107072,/wgs84,3,-72870094,1127961230,21350,61,95,61,14981,20,38680,907,1409,276,0,0,255,4294967295
2025/07/05/17:50:22.991351,10774,1751712622,988107072,/wgs84,3,-72870105,1127961237,21410,61,95,66,14892,20,38740,904,1406,286,0,0,255,4294967295
2025/07/05/17:50:23.091126,10775,1751712622,988107072,/wgs84,3,-72870105,1127961237,21410,61,95,66,14892,20,38740,904,1406,286,0,0,255,4294967295
2025/07/05/17:50:23.169219,10776,1751712622,988107072,/wgs84,3,-72870105,1127961237,21410,61,95,66,14892,20,38740,904,1406,286,0,0,255,4294967295
2025/07/05/17:50:23.270171,10777,1751712623,188107072,/wgs84,3,-72870116,1127961244,21420,61,95,63,14951,20,38750,903,1403,302,0,0,255,4294967295
2025/07/05/17:50:23.410379,10778,1751712623,388107072,/wgs84,3,-72870127,1127961250,21430,61,95,69,14785,20,38760,904,1404,330,0,0,255,4294967295
2025/07/05/17:50:23.569457,10779,1751712623,388107072,/wgs84,3,-72870127,1127961250,21430,61,95,69,14785,20,38760,904,1404,330,0,0,255,4294967295
2025/07/05/17:50:23.670019,10780,1751712623,588107072,/wgs84,3,-72870136,1127961255,21490,61,95,48,14898,20,38820,907,1406,366,0,0,255,4294967295
2025/07/05/17:50:23.769078,10781,1751712623,588107072,/wgs84,3,-72870136,1127961255,21490,61,95,48,14898,20,38820,907,1406,366,0,0,255,4294967295
2025/07/05/17:50:23.869733,10782,1751712623,788107072,/wgs84,3,-72870145,1127961259,21470,61,95,53,15184,20,38800,912,1408,375,0,0,255,4294967295
2025/07/05/17:50:23.990461,10783,1751712623,788107072,/wgs84,3,-72870145,1127961259,21470,61,95,53,15184,20,38800,912,1408,375,0,0,255,4294967295
2025/07/05/17:50:24.090421,10784,1751712623,988107072,/wgs84,3,-72870155,1127961263,21520,65,108,67,15350,19,38850,916,1408,328,0,0,255,4294967295
2025/07/05/17:50:24.190317,10785,1751712623,988107072,/wgs84,3,-72870155,1127961263,21520,65,108,67,15350,19,38850,916,1408,328,0,0,255,4294967295
2025/07/05/17:50:24.269532,10786,1751712624,188107072,/wgs84,3,-72870166,1127961268,21480,65,108,54,15720,19,38810,916,1405,284,0,0,255,4294967295
2025/07/05/17:50:24.349236,10787,1751712624,188107072,/wgs84,3,-72870166,1127961268,21480,65,108,54,15720,19,38810,916,1405,284,0,0,255,4294967295
2025/07/05/17:50:24.529610,10788,1751712624,388107072,/wgs84,3,-72870175,1127961273,21470,61,102,57,15308,20,38800,914,1403,311,0,0,255,4294967295
2025/07/05/17:50:24.651498,10789,1751712624,588107072,/wgs84,3,-72870185,1127961279,21430,65,108,46,15487,19,38760,913,1402,287,0,0,255,4294967295
2025/07/05/17:50:24.769691,10790,1751712624,588107072,/wgs84,3,-72870185,1127961279,21430,65,108,46,15487,19,38760,913,1402,287,0,0,255,4294967295
2025/07/05/17:50:24.851762,10791,1751712624,788107072,/wgs84,3,-72870194,1127961285,21450,65,108,61,15121,19,38780,912,1402,322,0,0,255,4294967295
2025/07/05/17:50:24.949447,10792,1751712624,788107072,/wgs84,3,-72870194,1127961285,21450,65,108,61,15121,19,38780,912,1402,322,0,0,255,4294967295
2025/07/05/17:50:25.049950,10793,1751712624,988107072,/wgs84,3,-72870203,1127961289,21490,65,108,54,15538,19,38820,913,1401,280,0,0,255,4294967295
2025/07/05/17:50:25.149278,10794,1751712624,988107072,/wgs84,3,-72870203,1127961289,21490,65,108,54,15538,19,38820,913,1401,280,0,0,255,4294967295
2025/07/05/17:50:25.249281,10795,1751712625,188107072,/wgs84,3,-72870212,1127961293,21480,65,108,40,14913,19,38809,917,1406,388,0,0,255,4294967295
2025/07/05/17:50:25.390986,10796,1751712625,188107072,/wgs84,3,-72870212,1127961293,21480,65,108,40,14913,19,38809,917,1406,388,0,0,255,4294967295
2025/07/05/17:50:25.510884,10797,1751712625,388107072,/wgs84,3,-72870219,1127961299,21500,65,108,38,15793,19,38830,918,1410,304,0,0,255,4294967295
2025/07/05/17:50:25.612555,10798,1751712625,588107072,/wgs84,3,-72870227,1127961301,21520,65,108,46,15902,19,38850,921,1416,354,0,0,255,4294967295
